Date,Platform,Duration,App Version,OS Version,User Index,User Id,Session,Device,Country,Location,Screens,Actions,Crashed,App Killed,Connectivity,Video,Offline,Tags
05/09/2019 20:01,Android,00:01:01,1.27,9,809,Anonymous,3008,SM-J415G,Peru,"Chiclayo, Lambayeque",7,2,No,No,WiFi,http://dashboard.appsee.com/Videos/External/5d71aff68d60ef15298c8eac,No,
05/09/2019 19:29,Android,00:00:34,1.27,6.0,5944,Anonymous,107,Lenovo PB2-650Y,Peru,"Lima, Lima",7,9,No,No,WiFi,http://dashboard.appsee.com/Videos/External/5d71a87c8d60ef1524c98b50,No,
05/09/2019 15:20,Android,00:00:00,1.27,6.0,5944,Anonymous,106,Lenovo PB2-650Y,Peru,"Lima, Lima",2,0,No,No,WiFi,http://dashboard.appsee.com/Videos/External/5d716e0d8d60ef1529897e18,No,
05/09/2019 15:11,Android,00:01:34,1.27,6.0,5944,Anonymous,105,Lenovo PB2-650Y,Peru,"Lima, Lima",7,5,No,No,WiFi,http://dashboard.appsee.com/Videos/External/5d716bf98d60ef1524c6bd72,No,
05/09/2019 15:11,Android,00:00,1.27,6.0,5944,Anonymous,104,Lenovo PB2-650Y,Peru,"Lima, Lima",2,0,No,No,WiFi,http://dashboard.appsee.com/Videos/External/5d716bf78d60ef1529896a69,No,
05/09/2019 15:11,Android,00:00:14,1.27,6.0,5944,Anonymous,103,Lenovo PB2-650Y,Peru,"Lima, Lima",2,13,No,No,WiFi,http://dashboard.appsee.com/Videos/External/5d716be68d60ef15298969c9,No,
05/09/2019 15:11,Android,00:00:09,1.27,6.0,5944,Anonymous,102,Lenovo PB2-650Y,Peru,"Lima, Lima",2,6,No,No,WiFi,http://dashboard.appsee.com/Videos/External/5d716bda8d60ef15274dc5a6,No,
05/09/2019 12:20,Android,00:00:13,1.27,9,3887,Anonymous,194,SM-A205G,Peru,"Trujillo, La Libertad",3,0,No,No,WiFi,http://dashboard.appsee.com/Videos/External/5d7143d2d48b1f1515a31ce6,No,
05/09/2019 12:18,Android,00:00:23,1.27,9,3887,Anonymous,193,SM-A205G,Peru,"Trujillo, La Libertad",1,0,No,No,No Connectivity,http://dashboard.appsee.com/Videos/External/5d714353d48b1f1515a31ce5,Yes,
05/09/2019 12:17,Android,00:00:01,1.27,9,3887,Anonymous,192,SM-A205G,Peru,"Trujillo, La Libertad",1,0,No,No,No Connectivity,http://dashboard.appsee.com/Videos/External/5d714317d48b1f1515a31ce3,Yes,
05/09/2019 12:17,Android,00:00,1.27,9,3887,Anonymous,191,SM-A205G,Peru,"Trujillo, La Libertad",1,0,No,No,No Connectivity,http://dashboard.appsee.com/Videos/External/5d714313d48b1f1515a31ce1,Yes,
05/09/2019 12:16,Android,00:00:55,1.27,9,346,Anonymous,1183,SM-A305G,Peru,"Lima, Lima",4,1,No,No,WiFi,http://dashboard.appsee.com/Videos/External/5d7142e38d60ef15274c42ea,No,
05/09/2019 12:16,Android,00:01:05,1.27,9,3887,Anonymous,190,SM-A205G,Peru,"Trujillo, La Libertad",1,0,No,No,No Connectivity,http://dashboard.appsee.com/Videos/External/5d7142d1d48b1f1515a31ce0,Yes,
05/09/2019 11:53,Android,00:00:24,1.27,9,3887,Anonymous,189,SM-A205G,Peru,"Trujillo, La Libertad",3,0,No,No,WiFi,http://dashboard.appsee.com/Videos/External/5d713d9aea6d7e14a6ee69bb,No,
05/09/2019 11:52,Android,00:00:09,1.27,9,346,Anonymous,1182,SM-A305G,Peru,"Lima, Lima",3,1,No,No,WiFi,http://dashboard.appsee.com/Videos/External/5d713d44418d2215ce592c4d,No,
05/09/2019 11:41,Android,00:01:19,1.27,9,3887,Anonymous,188,SM-A205G,Peru,"Trujillo, La Libertad",4,1,No,No,WiFi,http://dashboard.appsee.com/Videos/External/5d713aaf71aa0f154e2b1422,No,
05/09/2019 11:32,Android,00:00:05,1.27,9,346,Anonymous,1181,SM-A305G,Peru,"Lima, Lima",2,0,No,No,WiFi,http://dashboard.appsee.com/Videos/External/5d71389ee9a29e09e11fe3de,No,
05/09/2019 11:32,Android,00:00:01,1.27,9,346,Anonymous,1180,SM-A305G,Peru,"Lima, Lima",1,0,No,No,WiFi,http://dashboard.appsee.com/Videos/External/5d713895e9a29e09e57fe381,No,
05/09/2019 11:17,Android,00:00:31,1.27,9,3887,Anonymous,187,SM-A205G,Peru,"Trujillo, La Libertad",3,1,No,No,WiFi,http://dashboard.appsee.com/Videos/External/5d71352897dda515ce584c28,No,
05/09/2019 11:09,Android,00:00:02,1.27,9,346,Anonymous,1175,SM-A305G,Peru,"Lima, Lima",1,0,No,No,WiFi,http://dashboard.appsee.com/Videos/External/5d713334d48b1f150f50aef0,No,
05/09/2019 10:57,Android,00:00:01,1.27,9,3887,Anonymous,186,SM-A205G,Peru,"Trujillo, La Libertad",2,1,No,No,WiFi,http://dashboard.appsee.com/Videos/External/5d713078cb7f8a154c541f81,No,
05/09/2019 10:57,Android,00:00,1.27,9,3887,Anonymous,185,SM-A205G,Peru,"Trujillo, La Libertad",1,0,No,No,WiFi,http://dashboard.appsee.com/Videos/External/5d713075cb7f8a155342735b,No,
05/09/2019 10:54,Android,00:02:04,1.27,9,3887,Anonymous,184,SM-A205G,Peru,"Trujillo, La Libertad",5,2,No,No,WiFi,http://dashboard.appsee.com/Videos/External/5d712fb08d60ef152c0c4739,No,
05/09/2019 10:33,Android,00:01:17,1.27,9,346,Anonymous,1172,SM-A305G,Peru,"Lima, Lima",1,9,No,No,WiFi,http://dashboard.appsee.com/Videos/External/5d712ac61ddd7614c2ba26b5,No,
05/09/2019 10:33,Android,00:00:05,1.27,9,346,Anonymous,1171,SM-A305G,Peru,"Lima, Lima",3,1,No,No,WiFi,http://dashboard.appsee.com/Videos/External/5d712abfea6d7e14a6edc196,No,
05/09/2019 7:47,Android,00:00:56,1.27,6.0,5944,Anonymous,101,Lenovo PB2-650Y,Peru,"Lima, Lima",7,9,No,No,WiFi,http://dashboard.appsee.com/Videos/External/5d7103eee9a29e09e79d89c7,No,
05/09/2019 7:30,Android,00:00:25,1.27,9,3887,Anonymous,183,SM-A205G,Peru,"Sullana, Piura",4,2,No,No,WiFi,http://dashboard.appsee.com/Videos/External/5d70ffd78d60ef1524c2cc9c,No,
05/09/2019 6:51,Android,00:00:30,1.27,9,346,Anonymous,1168,SM-A305G,Peru,"Lima, Lima",4,2,No,No,WiFi,http://dashboard.appsee.com/Videos/External/5d70f6d81ad8bd150febea33,No,
05/09/2019 6:49,Android,00:00:03,1.27,9,346,Anonymous,1167,SM-A305G,Peru,"Lima, Lima",1,0,No,No,WiFi,http://dashboard.appsee.com/Videos/External/5d70f6311ad8bd150febe3e5,No,
05/09/2019 6:48,Android,00:00,1.27,9,346,Anonymous,1166,SM-A305G,Peru,"Lima, Lima",1,0,No,No,WiFi,http://dashboard.appsee.com/Videos/External/5d70f61a1ad8bd150d60b70c,No,
05/09/2019 6:48,Android,00:00:04,1.27,9,346,Anonymous,1165,SM-A305G,Peru,"Lima, Lima",2,1,No,No,WiFi,http://dashboard.appsee.com/Videos/External/5d70f6141ad8bd1509140e97,No,
05/09/2019 6:33,Android,00:02:20,1.27,9,346,Anonymous,1164,SM-A305G,Peru,"Lima, Lima",15,14,No,No,WiFi,http://dashboard.appsee.com/Videos/External/5d70f295d48b1f150f4e612e,No,
04/09/2019 22:57,Android,00:00:06,1.27,6.0,5944,Anonymous,100,Lenovo PB2-650Y,Peru,"Lima, Lima",3,0,No,No,WiFi,http://dashboard.appsee.com/Videos/External/5d7087a0cb7f8a15533ccc33,No,
04/09/2019 22:55,Android,00:01:43,1.27,6.0,5944,Anonymous,99,Lenovo PB2-650Y,Peru,"Lima, Lima",7,13,No,No,No Connectivity,http://dashboard.appsee.com/Videos/External/5d70872ccb7f8a15533ccc32,Yes,
04/09/2019 22:01,Android,00:02:51,1.27,9,7048,Anonymous,2,SM-G9600,Peru,"Lima, Lima",26,17,No,No,WiFi,http://dashboard.appsee.com/Videos/External/5d707aa42267121602e2ef32,No,
04/09/2019 22:01,Android,00:00:12,1.27,9,7048,Anonymous,1,SM-G9600,Peru,"Lima, Lima",2,3,No,No,WiFi,http://dashboard.appsee.com/Videos/External/5d707a77eb25e714d650289e,No,
04/09/2019 22:00,Android,00:00:16,1.27,9,3710,Anonymous,13,SM-G9600,Peru,"Lima, Lima",2,2,No,No,WiFi,http://dashboard.appsee.com/Videos/External/5d707a36c69cb21dc2555c40,No,
04/09/2019 19:56,Android,00:00:49,1.27,6.0,5944,Anonymous,98,Lenovo PB2-650Y,Peru,"Lima, Lima",9,17,No,No,WiFi,http://dashboard.appsee.com/Videos/External/5d705d3ebcc0c614e17b7c37,No,
04/09/2019 19:56,Android,00:00:21,1.27,6.0,5944,Anonymous,97,Lenovo PB2-650Y,Peru,"Lima, Lima",4,16,No,No,WiFi,http://dashboard.appsee.com/Videos/External/5d705d27bcc0c614dfe40bae,No,
04/09/2019 19:33,Android,00:00,1.27,6.0,5944,Anonymous,96,Lenovo PB2-650Y,Peru,"Lima, Lima",1,0,No,No,WiFi,http://dashboard.appsee.com/Videos/External/5d7057f7bcc0c614e17b477c,No,
04/09/2019 19:03,Android,00:00,1.27,6.0,5944,Anonymous,95,Lenovo PB2-650Y,Peru,"Lima, Lima",2,0,No,No,WiFi,http://dashboard.appsee.com/Videos/External/5d7050cdbcc0c614e17af451,No,
04/09/2019 18:55,Android,00:01:19,1.27,6.0,5944,Anonymous,94,Lenovo PB2-650Y,Peru,"Lima, Lima",6,3,No,No,WiFi,http://dashboard.appsee.com/Videos/External/5d704ee1bcc0c614e17add5c,No,
04/09/2019 18:55,Android,00:00:02,1.27,6.0,5944,Anonymous,93,Lenovo PB2-650Y,Peru,"Lima, Lima",2,1,No,No,WiFi,http://dashboard.appsee.com/Videos/External/5d704edebcc0c614e5860e1b,No,
04/09/2019 18:55,Android,00:00,1.27,6.0,5944,Anonymous,92,Lenovo PB2-650Y,Peru,"Lima, Lima",2,0,No,No,WiFi,http://dashboard.appsee.com/Videos/External/5d704edbbcc0c614e5860e05,No,
04/09/2019 18:54,Android,00:00:22,1.27,6.0,5944,Anonymous,91,Lenovo PB2-650Y,Peru,"Lima, Lima",2,6,No,No,No Connectivity,http://dashboard.appsee.com/Videos/External/5d704ec4bcc0c614e5860e04,Yes,
04/09/2019 18:00,Android,00:00:42,1.27,6.0,5944,Anonymous,90,Lenovo PB2-650Y,Peru,"Lima, Lima",7,8,No,No,WiFi,http://dashboard.appsee.com/Videos/External/5d7041f32098947db73a89a5,No,
04/09/2019 16:18,Android,00:00:26,1.27,7.0,2430,Anonymous,118,SM-J701M,Peru,"Trujillo, La Libertad",4,2,No,No,WiFi,http://dashboard.appsee.com/Videos/External/5d702a39e3742014da80bf1f,No,
04/09/2019 11:38,Android,00:00:01,1.27,9,809,Anonymous,2993,SM-J415G,Peru,"Chiclayo, Lambayeque",1,0,No,No,WiFi,http://dashboard.appsee.com/Videos/External/5d6fe8702098947db3802b98,No,
04/09/2019 11:37,Android,00:00:51,1.27,9,809,Anonymous,2992,SM-J415G,Peru,"Chiclayo, Lambayeque",3,1,No,No,WiFi,http://dashboard.appsee.com/Videos/External/5d6fe832827aef15c681dec1,No,
04/09/2019 10:48,Android,00:00:10,1.27,9,3887,Anonymous,182,SM-A205G,Peru,"Trujillo, La Libertad",3,0,No,No,WiFi,http://dashboard.appsee.com/Videos/External/5d6fdcd713d10a7c2a040da7,No,
04/09/2019 10:43,Android,00:00:10,1.27,9,3887,Anonymous,181,SM-A205G,Peru,"Trujillo, La Libertad",3,0,No,No,WiFi,http://dashboard.appsee.com/Videos/External/5d6fdbb9ea6d7e14aa8aea0d,No,
04/09/2019 10:01,Android,00:00:13,1.27,9,3887,Anonymous,180,SM-A205G,Peru,"Trujillo, La Libertad",3,0,No,No,WiFi,http://dashboard.appsee.com/Videos/External/5d6fd1afdd454915e73f9617,No,
04/09/2019 8:48,Android,00:00:29,1.27,7.0,2430,Anonymous,117,SM-J701M,Peru,"Trujillo, La Libertad",2,1,No,No,WiFi,http://dashboard.appsee.com/Videos/External/5d6fc0c2e9a29e09df4e294a,No,
04/09/2019 8:32,Android,00:00,1.27,9,1816,Anonymous,338,SM-G973F,Peru,"Yurimaguas, Loreto",1,0,No,No,WiFi,http://dashboard.appsee.com/Videos/External/5d6fbcefea6d7e14a6e0ee20,No,
04/09/2019 7:43,Android,00:06:24,1.27,8.0.0,6956,Anonymous,5,Samsung Galaxy S7 Edge,Peru,"Lima, Lima",3,2,No,No,WiFi,http://dashboard.appsee.com/Videos/External/5d6fb18aea6d7e14aa89756c,No,
04/09/2019 6:40,Android,00:01:10,1.27,9,809,Anonymous,2988,SM-J415G,Peru,"Chiclayo, Lambayeque",3,1,No,No,WiFi,http://dashboard.appsee.com/Videos/External/5d6fa2c6dd454915e73e03a0,No,
04/09/2019 6:24,Android,00:00:33,1.27,7.0,5918,Anonymous,186,LG-M400,Peru,"Chimbote, Ancash",1,0,No,No,WiFi,http://dashboard.appsee.com/Videos/External/5d6f9ed9d0f42314f0e1f3dd,No,
04/09/2019 6:15,Android,00:01:04,1.27,7.0,5918,Anonymous,185,LG-M400,Peru,"Chimbote, Ancash",4,3,No,No,WiFi,http://dashboard.appsee.com/Videos/External/5d6f9ce8d0f42314f0e1e43b,No,
04/09/2019 6:14,Android,00:00,1.27,7.0,5918,Anonymous,184,LG-M400,Peru,"Chimbote, Ancash",1,0,No,No,WiFi,http://dashboard.appsee.com/Videos/External/5d6f9ca7d0f42314f5ebe937,No,
04/09/2019 6:13,Android,00:00:50,1.27,7.0,5918,Anonymous,183,LG-M400,Peru,"Chimbote, Ancash",3,1,No,No,WiFi,http://dashboard.appsee.com/Videos/External/5d6f9c705837f415d5bbb7fe,No,
04/09/2019 6:13,Android,00:00:19,1.27,7.0,5918,Anonymous,182,LG-M400,Peru,"Chimbote, Ancash",2,4,No,No,No Connectivity,http://dashboard.appsee.com/Videos/External/5d6f9c5c5837f415d5bbb7fb,Yes,
03/09/2019 23:36,Android,00:00:31,1.27,7.0,5918,Anonymous,181,LG-M400,Peru,"Chimbote, Ancash",3,1,No,No,WiFi,http://dashboard.appsee.com/Videos/External/5d6f3f5c10038b15d75894e3,No,
03/09/2019 23:04,Android,00:01:01,1.27,7.0,5918,Anonymous,180,LG-M400,Peru,"Lima, Lima",2,2,No,No,WiFi,http://dashboard.appsee.com/Videos/External/5d6f37e62098947db37a9d45,No,
03/09/2019 22:59,Android,00:00:18,1.27,7.0,5918,Anonymous,179,LG-M400,Peru,"Lima, Lima",2,1,No,No,WiFi,http://dashboard.appsee.com/Videos/External/5d6f369fea6d7e14a6dc835d,No,
03/09/2019 22:43,Android,00:01:02,1.27,7.0,5918,Anonymous,178,LG-M400,Peru,"Lima, Lima",1,6,No,No,WiFi,http://dashboard.appsee.com/Videos/External/5d6f32d6ea6d7e14aa8553c5,No,
03/09/2019 22:39,Android,00:00:09,1.27,7.0,5918,Anonymous,177,LG-M400,Peru,"Lima, Lima",1,0,No,No,WiFi,http://dashboard.appsee.com/Videos/External/5d6f31e1ea6d7e14a6dc5787,No,
03/09/2019 22:27,Android,00:00:30,1.27,7.0,5918,Anonymous,176,LG-M400,Peru,"Lima, Lima",4,2,No,No,WiFi,http://dashboard.appsee.com/Videos/External/5d6f2f08ea6d7e14a6dc3d0b,No,
03/09/2019 20:18,Android,00:00:31,1.27,7.0,5918,Anonymous,172,LG-M400,Peru,"Lima, Lima",3,2,No,No,WiFi,http://dashboard.appsee.com/Videos/External/5d6f10d1e9a29e09df4822bb,No,
03/09/2019 17:53,Android,00:01:22,1.27,7.0,5918,Anonymous,171,LG-M400,Peru,"Chimbote, Ancash",3,0,No,No,WiFi,http://dashboard.appsee.com/Videos/External/5d6eeee0c69cb21dc6e6cc1b,No,
03/09/2019 16:04,Android,00:00:56,1.27,7.0,5918,Anonymous,170,LG-M400,Peru,"Chimbote, Ancash",3,2,No,No,WiFi,http://dashboard.appsee.com/Videos/External/5d6ed549885d0f155dbb587a,No,
03/09/2019 14:43,Android,00:00:29,1.27,7.0,5918,Anonymous,168,LG-M400,Peru,"Chimbote, Ancash",2,3,No,No,WiFi,http://dashboard.appsee.com/Videos/External/5d6ec25fc50f12159aeb8071,No,
03/09/2019 13:26,Android,00:00:37,1.27,9,3887,Anonymous,179,SM-A205G,Peru,"Trujillo, La Libertad",3,0,No,No,WiFi,http://dashboard.appsee.com/Videos/External/5d6eb03cc65c5815497093c0,No,
03/09/2019 13:19,Android,00:00:25,1.27,9,3887,Anonymous,178,SM-A205G,Peru,"Trujillo, La Libertad",4,1,No,No,WiFi,http://dashboard.appsee.com/Videos/External/5d6eaeb115a3f415ae691417,No,
03/09/2019 13:13,Android,00:00:39,1.27,6.0,5944,Anonymous,82,Lenovo PB2-650Y,Peru,"Lima, Lima",7,9,No,No,WiFi,http://dashboard.appsee.com/Videos/External/5d6ead5c10ab2315c3a44048,No,
03/09/2019 13:11,Android,00:00:26,1.27,7.0,5918,Anonymous,165,LG-M400,Peru,"Chimbote, Ancash",4,3,No,No,WiFi,http://dashboard.appsee.com/Videos/External/5d6eacc1c69cb21dc4b00cb2,No,
03/09/2019 13:07,Android,00:01:00,1.27,7.0,5918,Anonymous,164,LG-M400,Peru,"Chimbote, Ancash",2,1,No,No,WiFi,http://dashboard.appsee.com/Videos/External/5d6eabfbc69cb21dc82ece22,No,
03/09/2019 13:06,Android,00:00:38,1.27,7.0,5918,Anonymous,163,LG-M400,Peru,"Chimbote, Ancash",4,3,No,No,WiFi,http://dashboard.appsee.com/Videos/External/5d6eabc078202c1c33373056,No,
03/09/2019 13:03,Android,00:00:20,1.27,9,3887,Anonymous,177,SM-A205G,Peru,"Trujillo, La Libertad",1,0,No,No,WiFi,http://dashboard.appsee.com/Videos/External/5d6eab088ed9090b5718e4ee,No,
03/09/2019 13:03,Android,00:00:02,1.27,9,3887,Anonymous,176,SM-A205G,Peru,"Trujillo, La Libertad",2,0,No,No,WiFi,http://dashboard.appsee.com/Videos/External/5d6eab0413d10a7c30552254,No,
03/09/2019 12:46,Android,00:00:28,1.27,9,3887,Anonymous,175,SM-A205G,Peru,"Trujillo, La Libertad",4,2,No,No,WiFi,http://dashboard.appsee.com/Videos/External/5d6ea6e3c50f1215a09b9b45,No,
03/09/2019 12:45,Android,00:00:11,1.27,9,3887,Anonymous,174,SM-A205G,Peru,"Trujillo, La Libertad",3,1,No,No,WiFi,http://dashboard.appsee.com/Videos/External/5d6ea6c0e2c9fe15468eb190,No,
03/09/2019 12:43,Android,00:00:48,1.27,9,3887,Anonymous,173,SM-A205G,Peru,"Trujillo, La Libertad",3,0,No,No,WiFi,http://dashboard.appsee.com/Videos/External/5d6ea641c693217b93a6fc04,No,
03/09/2019 12:25,Android,00:01:15,1.27,9,3887,Anonymous,172,SM-A205G,Peru,"Trujillo, La Libertad",3,0,No,No,WiFi,http://dashboard.appsee.com/Videos/External/5d6ea209c693217b8fed6dc9,No,
03/09/2019 11:02,Android,00:00:19,1.27,6.0,5944,Anonymous,81,Lenovo PB2-650Y,Peru,"Lima, Lima",4,3,No,No,WiFi,http://dashboard.appsee.com/Videos/External/5d6e8e908ed9090b59254d29,No,
03/09/2019 11:01,Android,00:00:27,1.27,6.0,5944,Anonymous,80,Lenovo PB2-650Y,Peru,"Lima, Lima",3,2,No,No,WiFi,http://dashboard.appsee.com/Videos/External/5d6e8e7215a3f415ae68046c,No,
03/09/2019 11:01,Android,00:00:02,1.27,6.0,5944,Anonymous,79,Lenovo PB2-650Y,Peru,"Lima, Lima",2,0,No,No,WiFi,http://dashboard.appsee.com/Videos/External/5d6e8e6fc65c58154cad5c3c,No,
03/09/2019 11:01,Android,00:00:09,1.27,6.0,5944,Anonymous,78,Lenovo PB2-650Y,Peru,"Lima, Lima",2,4,No,No,WiFi,http://dashboard.appsee.com/Videos/External/5d6e8e621ba9d616a2b37581,No,
03/09/2019 9:55,Android,00:00:30,1.27,7.0,5918,Anonymous,162,LG-M400,Peru,"Chimbote, Ancash",2,1,No,No,WiFi,http://dashboard.appsee.com/Videos/External/5d6e7ee6c69cb21dc6e2c4d2,No,
03/09/2019 9:30,Android,00:00:41,1.27,7.0,5918,Anonymous,161,LG-M400,Peru,"Chimbote, Ancash",4,2,No,No,WiFi,http://dashboard.appsee.com/Videos/External/5d6e79121ba9d616a2b2c3a9,No,
03/09/2019 8:42,Android,00:03:40,1.27,6.0,5944,Anonymous,77,Lenovo PB2-650Y,Peru,"Lima, Lima",9,13,No,No,WiFi,http://dashboard.appsee.com/Videos/External/5d6e6dc31ba9d616a2b3757e,Yes,
03/09/2019 6:27,Android,00:00:15,1.27,9,809,Anonymous,2987,SM-J415G,Peru,"Chiclayo, Lambayeque",4,1,No,No,WiFi,http://dashboard.appsee.com/Videos/External/5d6e4e3f653398151a2b1880,No,
03/09/2019 0:55,Android,00:00:35,1.27,7.0,5918,Anonymous,158,LG-M400,Peru,"Lima, Lima",4,3,No,No,WiFi,http://dashboard.appsee.com/Videos/External/5d6e0054dcb548157cbd6e6c,No,
02/09/2019 22:45,Android,00:00:00,1.27,9,809,Anonymous,2986,SM-J415G,Peru,"Chiclayo, Lambayeque",1,0,No,No,WiFi,http://dashboard.appsee.com/Videos/External/5d6de1d6e74f4c15ae789d02,No,
02/09/2019 22:42,Android,00:00:18,1.27,9,809,Anonymous,2985,SM-J415G,Peru,"Chiclayo, Lambayeque",3,0,No,No,WiFi,http://dashboard.appsee.com/Videos/External/5d6de13e031110148b74d0b6,No,
02/09/2019 22:41,Android,00:00:58,1.27,9,809,Anonymous,2984,SM-J415G,Peru,"Chiclayo, Lambayeque",3,2,No,No,WiFi,http://dashboard.appsee.com/Videos/External/5d6de100e9a29e0e582b990b,No,
02/09/2019 22:26,Android,00:01:46,1.27,6.0,5944,Anonymous,76,Lenovo PB2-650Y,Peru,"Lima, Lima",12,10,No,No,WiFi,http://dashboard.appsee.com/Videos/External/5d6ddd654894c0148b0357c4,No,
02/09/2019 22:25,Android,00:00,1.27,8.1.0,4547,Anonymous,159,Moto G5 Plus,Peru,"Trujillo, La Libertad",1,0,No,No,WiFi,http://dashboard.appsee.com/Videos/External/5d6ddd21dcb54815817d678f,No,
02/09/2019 22:24,Android,00:01:42,1.27,6.0,5944,Anonymous,75,Lenovo PB2-650Y,Peru,"Lima, Lima",4,5,No,No,WiFi,http://dashboard.appsee.com/Videos/External/5d6ddce5e74f4c15ae786e88,No,
02/09/2019 22:07,Android,00:00:12,1.27,8.1.0,4547,Anonymous,158,Moto G5 Plus,Peru,"Trujillo, La Libertad",2,3,No,No,WiFi,http://dashboard.appsee.com/Videos/External/5d6dd8e512bd8b159f651fc4,No,
02/09/2019 21:58,Android,00:01:37,1.27,9,809,Anonymous,2983,SM-J415G,Peru,"Chiclayo, Lambayeque",6,3,No,No,WiFi,http://dashboard.appsee.com/Videos/External/5d6dd6c4e74f4c15ae782f6f,No,
02/09/2019 18:30,Android,00:00,1.27,8.1.0,2429,Anonymous,669,SM-J260M,Peru,"Lima, Lima",1,0,No,No,WiFi,http://dashboard.appsee.com/Videos/External/5d6da632c5714414c23ba685,No,
02/09/2019 17:58,Android,00:00:42,1.27,8.1.0,2429,Anonymous,668,SM-J260M,Peru,"Lima, Lima",1,0,No,No,WiFi,http://dashboard.appsee.com/Videos/External/5d6d9ea5c5714414c23ba67b,Yes,
02/09/2019 17:50,Android,00:03:17,1.27,8.1.0,2429,Anonymous,667,SM-J260M,Peru,"Lima, Lima",11,5,No,No,WiFi,http://dashboard.appsee.com/Videos/External/5d6d9cb5031110148b717a64,No,
02/09/2019 17:48,Android,00:00:24,1.27,8.1.0,2429,Anonymous,666,SM-J260M,Peru,"Lima, Lima",1,0,No,No,WiFi,http://dashboard.appsee.com/Videos/External/5d6d9c586c525014b064a242,No,
02/09/2019 17:46,Android,00:00:23,1.27,8.1.0,2429,Anonymous,665,SM-J260M,Peru,"Lima, Lima",3,1,No,No,WiFi,http://dashboard.appsee.com/Videos/External/5d6d9bcc6c525014b064a23e,Yes,
02/09/2019 17:29,Android,00:00:59,1.27,8.1.0,2429,Anonymous,664,SM-J260M,Peru,"Lima, Lima",2,1,No,No,WiFi,http://dashboard.appsee.com/Videos/External/5d6d97e3e9a29e0e5a9e0c3c,No,
02/09/2019 16:27,Android,00:00:56,1.27,8.1.0,4547,Anonymous,143,Moto G5 Plus,Peru,"Lima, Lima",3,7,No,No,WiFi,http://dashboard.appsee.com/Videos/External/5d6d893f4894c0148db42524,No,
02/09/2019 8:51,Android,00:00:51,1.27,7.0,2430,Anonymous,113,SM-J701M,Peru,"Trujillo, La Libertad",2,0,No,No,WiFi,http://dashboard.appsee.com/Videos/External/5d6d1e550a11d71511895140,No,
02/09/2019 7:01,Android,00:00:03,1.27,9,5140,Anonymous,397,SM-A750G,Peru,"Lima, Lima",1,0,No,No,WiFi,http://dashboard.appsee.com/Videos/External/5d6d04aced908415c83ff087,No,
02/09/2019 7:01,Android,00:00:22,1.27,9,5140,Anonymous,396,SM-A750G,Peru,"Lima, Lima",4,1,No,No,WiFi,http://dashboard.appsee.com/Videos/External/5d6d048e21340914f8133745,No,
02/09/2019 6:49,Android,00:00:59,1.27,6.0,5944,Anonymous,66,Lenovo PB2-650Y,Peru,"Lima, Lima",7,8,No,No,WiFi,http://dashboard.appsee.com/Videos/External/5d6d01bee9a29e0e5ca270fb,No,
01/09/2019 19:24,Android,00:00:20,1.27,9,4403,Anonymous,53,SM-A705MN,Peru,"Tocache Nuevo, San Martin",4,1,No,No,WiFi,http://dashboard.appsee.com/Videos/External/5d6c6121e9a29e0e5a92dfaf,No,
01/09/2019 19:23,Android,00:00:02,1.27,9,4403,Anonymous,52,SM-A705MN,Peru,"Tocache Nuevo, San Martin",1,0,No,No,WiFi,http://dashboard.appsee.com/Videos/External/5d6c611b473d4b1510930a42,No,
01/09/2019 18:11,Android,00:00:15,1.27,8.1.0,4547,Anonymous,142,Moto G5 Plus,Peru,"Trujillo, La Libertad",1,0,No,No,WiFi,http://dashboard.appsee.com/Videos/External/5d6c500ba5b71b17d1417b80,No,
01/09/2019 18:08,Android,00:02:12,1.27,8.1.0,4547,Anonymous,141,Moto G5 Plus,Peru,"Trujillo, La Libertad",10,13,No,No,WiFi,http://dashboard.appsee.com/Videos/External/5d6c4f7da5b71b17d6d8962e,No,
01/09/2019 18:03,Android,00:00,1.27,8.1.0,4547,Anonymous,140,Moto G5 Plus,Peru,"Trujillo, La Libertad",1,0,No,No,WiFi,http://dashboard.appsee.com/Videos/External/5d6c4e5aa5b71b17d38a2e58,No,
01/09/2019 18:03,Android,00:00:00,1.27,8.1.0,4547,Anonymous,139,Moto G5 Plus,Peru,"Trujillo, La Libertad",1,0,No,No,WiFi,http://dashboard.appsee.com/Videos/External/5d6c4e57a5b71b17d9d3c733,No,
01/09/2019 17:55,Android,00:01:47,1.27,8.1.0,4547,Anonymous,138,Moto G5 Plus,Peru,"Trujillo, La Libertad",4,1,No,No,WiFi,http://dashboard.appsee.com/Videos/External/5d6c4c47b911ce161fbb273b,No,
01/09/2019 17:07,Android,00:00,1.27,9,809,Anonymous,2979,SM-J415G,Peru,"Chiclayo, Lambayeque",1,0,No,No,WiFi,http://dashboard.appsee.com/Videos/External/5d6c41320a11d7150a1885a0,No,
01/09/2019 14:58,Android,00:00:12,1.27,9,809,Anonymous,2975,SM-J415G,Peru,"Chiclayo, Lambayeque",3,0,No,No,WiFi,http://dashboard.appsee.com/Videos/External/5d6c22fddda76c161af9e3e2,No,
01/09/2019 14:43,Android,00:00:10,1.27,9,809,Anonymous,2974,SM-J415G,Peru,"Chiclayo, Lambayeque",4,2,No,No,WiFi,http://dashboard.appsee.com/Videos/External/5d6c1f75dda76c161af9c43b,No,
01/09/2019 14:41,Android,00:00:55,1.27,9,809,Anonymous,2973,SM-J415G,Peru,"Chiclayo, Lambayeque",3,1,No,No,WiFi,http://dashboard.appsee.com/Videos/External/5d6c1ecddda76c161af9be53,No,
01/09/2019 14:39,Android,00:00:55,1.27,9,809,Anonymous,2972,SM-J415G,Peru,"Chiclayo, Lambayeque",1,0,No,No,WiFi,http://dashboard.appsee.com/Videos/External/5d6c1e71dda76c161af9bb7a,No,
01/09/2019 14:33,Android,00:00:27,1.27,9,809,Anonymous,2971,SM-J415G,Peru,"Chiclayo, Lambayeque",2,0,No,No,WiFi,http://dashboard.appsee.com/Videos/External/5d6c1d25dda76c161844e949,No,
01/09/2019 14:20,Android,00:01:05,1.27,9,809,Anonymous,2970,SM-J415G,Peru,"Chiclayo, Lambayeque",6,2,No,No,WiFi,http://dashboard.appsee.com/Videos/External/5d6c19ffdda76c16160e0892,No,
01/09/2019 14:08,Android,00:00:39,1.27,9,809,Anonymous,2969,SM-J415G,Peru,"Chiclayo, Lambayeque",3,1,No,No,WiFi,http://dashboard.appsee.com/Videos/External/5d6c172ddda76c1614da2d23,No,
01/09/2019 14:08,Android,00:00:02,1.27,9,809,Anonymous,2968,SM-J415G,Peru,"Chiclayo, Lambayeque",1,0,No,No,WiFi,http://dashboard.appsee.com/Videos/External/5d6c1729e9a29e0e5eb1c3e6,No,
01/09/2019 14:08,Android,00:00:02,1.27,9,809,Anonymous,2967,SM-J415G,Peru,"Chiclayo, Lambayeque",1,0,No,No,WiFi,http://dashboard.appsee.com/Videos/External/5d6c17246a64e81864db6a88,No,
01/09/2019 13:58,Android,00:00,1.27,8.1.0,4547,Anonymous,137,Moto G5 Plus,Peru,"Trujillo, La Libertad",1,0,No,No,WiFi,http://dashboard.appsee.com/Videos/External/5d6c14cf0a11d7150fc4f99d,No,
01/09/2019 13:55,Android,00:01:11,1.27,8.1.0,4547,Anonymous,136,Moto G5 Plus,Peru,"Trujillo, La Libertad",7,3,No,No,WiFi,http://dashboard.appsee.com/Videos/External/5d6c143adda76c16184499b9,No,
01/09/2019 13:40,Android,00:00,1.27,8.1.0,4547,Anonymous,135,Moto G5 Plus,Peru,"Trujillo, La Libertad",1,0,No,No,WiFi,http://dashboard.appsee.com/Videos/External/5d6c10b2dda76c1614d9f419,No,
01/09/2019 13:40,Android,00:00:01,1.27,8.1.0,4547,Anonymous,134,Moto G5 Plus,Peru,"Trujillo, La Libertad",1,0,No,No,WiFi,http://dashboard.appsee.com/Videos/External/5d6c10aedda76c1618447a88,No,
01/09/2019 13:31,Android,00:05:39,1.27,8.1.0,4547,Anonymous,133,Moto G5 Plus,Peru,"Trujillo, La Libertad",12,14,No,No,WiFi,http://dashboard.appsee.com/Videos/External/5d6c0e7fd108c61622c58d12,No,
01/09/2019 11:31,Android,00:00:39,1.27,9,809,Anonymous,2961,SM-J415G,Peru,"Chiclayo, Lambayeque",3,0,No,No,WiFi,http://dashboard.appsee.com/Videos/External/5d6bf24dce57ba15607e0f81,No,
01/09/2019 11:31,Android,00:00:03,1.27,9,809,Anonymous,2960,SM-J415G,Peru,"Chiclayo, Lambayeque",3,1,No,No,WiFi,http://dashboard.appsee.com/Videos/External/5d6bf24596a8f6150135443a,No,
01/09/2019 10:03,Android,00:01:23,1.27,9,809,Anonymous,2959,SM-J415G,Peru,"Chiclayo, Lambayeque",3,1,No,No,WiFi,http://dashboard.appsee.com/Videos/External/5d6bddda35e79e182bf19818,No,
01/09/2019 8:59,Android,00:00:20,1.27,9,809,Anonymous,2958,SM-J415G,Peru,"Chiclayo, Lambayeque",3,1,No,No,WiFi,http://dashboard.appsee.com/Videos/External/5d6bced3dda76c1614d7b85a,No,
01/09/2019 8:12,Android,00:00,1.27,8.1.0,6733,Anonymous,25,JKM-LX3,Peru,"Lima, Lima",1,0,No,No,WiFi,http://dashboard.appsee.com/Videos/External/5d6bc3acc3c3ab150e5837be,No,
01/09/2019 8:11,Android,00:01:09,1.27,9,809,Anonymous,2957,SM-J415G,Peru,"Chiclayo, Lambayeque",3,1,No,No,WiFi,http://dashboard.appsee.com/Videos/External/5d6bc38ce9a29e0e58170304,No,
01/09/2019 7:54,Android,00:00,1.27,9,809,Anonymous,2956,SM-J415G,Peru,"Chiclayo, Lambayeque",1,0,No,No,WiFi,http://dashboard.appsee.com/Videos/External/5d6bbf97473d4b151515a085,No,
01/09/2019 7:54,Android,00:00,1.27,9,809,Anonymous,2955,SM-J415G,Peru,"Chiclayo, Lambayeque",1,0,No,No,WiFi,http://dashboard.appsee.com/Videos/External/5d6bbf78dda76c161af679fe,No,
01/09/2019 7:43,Android,00:01:19,1.27,9,346,Anonymous,1100,SM-A305G,Peru,"Lima, Lima",6,4,No,No,WiFi,http://dashboard.appsee.com/Videos/External/5d6bbd08e9a29e0e5eaeb68a,No,
01/09/2019 7:43,Android,00:00:08,1.27,9,346,Anonymous,1099,SM-A305G,Peru,"Lima, Lima",3,1,No,No,WiFi,http://dashboard.appsee.com/Videos/External/5d6bbcebe9a29e0e5c971a96,No,
01/09/2019 7:31,Android,00:00:03,1.27,9,346,Anonymous,1098,SM-A305G,Peru,"Lima, Lima",1,0,No,No,WiFi,http://dashboard.appsee.com/Videos/External/5d6bba26e9a29e0e5eae9d02,No,
01/09/2019 7:24,Android,00:00,1.27,9,809,Anonymous,2954,SM-J415G,Peru,"Chiclayo, Lambayeque",1,0,No,No,WiFi,http://dashboard.appsee.com/Videos/External/5d6bb8870a11d7150fc1d793,No,
01/09/2019 7:23,Android,00:00:44,1.27,9,809,Anonymous,2953,SM-J415G,Peru,"Chiclayo, Lambayeque",3,0,No,No,WiFi,http://dashboard.appsee.com/Videos/External/5d6bb856d108c61622c2a1d3,No,
01/09/2019 7:20,Android,00:00:11,1.27,8.1.0,6733,Anonymous,24,JKM-LX3,Peru,"Lima, Lima",2,0,No,No,WiFi,http://dashboard.appsee.com/Videos/External/5d6bb77e35e79e182d4a53c8,No,
01/09/2019 7:08,Android,00:00:28,1.27,9,346,Anonymous,1096,SM-A305G,Peru,"Lima, Lima",5,5,No,No,WiFi,http://dashboard.appsee.com/Videos/External/5d6bb4cfe9a29e0e5816863e,No,
01/09/2019 6:07,Android,00:00:44,1.27,9,346,Anonymous,1094,SM-A305G,Peru,"Lima, Lima",2,6,No,No,WiFi,http://dashboard.appsee.com/Videos/External/5d6ba67ad108c6161e3880ae,No,
01/09/2019 6:06,Android,00:01:10,1.27,9,346,Anonymous,1093,SM-A305G,Peru,"Lima, Lima",9,3,No,No,WiFi,http://dashboard.appsee.com/Videos/External/5d6ba618d108c61625416e98,No,
01/09/2019 5:10,Android,00:00:48,1.27,8.1.0,6733,Anonymous,23,JKM-LX3,Peru,"Lima, Lima",6,3,No,No,WiFi,http://dashboard.appsee.com/Videos/External/5d6b990dd108c61622c19e8c,No,
01/09/2019 4:15,Android,00:00:20,1.27,9,809,Anonymous,2952,SM-J415G,Peru,"Chiclayo, Lambayeque",2,0,No,No,WiFi,http://dashboard.appsee.com/Videos/External/5d6b8c32908dfa156251878e,No,
01/09/2019 3:52,Android,00:00,1.27,9,809,Anonymous,2951,SM-J415G,Peru,"Chiclayo, Lambayeque",1,0,No,No,WiFi,http://dashboard.appsee.com/Videos/External/5d6b86bd0a11d7150a123c92,No,
01/09/2019 3:51,Android,00:00:57,1.27,9,809,Anonymous,2950,SM-J415G,Peru,"Chiclayo, Lambayeque",3,0,No,No,WiFi,http://dashboard.appsee.com/Videos/External/5d6b867e58dc3f14ecb88f4d,No,
01/09/2019 2:47,Android,00:00:43,1.27,9,809,Anonymous,2949,SM-J415G,Peru,"Chiclayo, Lambayeque",4,2,No,No,WiFi,http://dashboard.appsee.com/Videos/External/5d6b779da0143b15b9289304,No,
01/09/2019 2:40,Android,00:00:44,1.27,9,346,Anonymous,1092,SM-A305G,Peru,"Lima, Lima",6,2,No,No,WiFi,http://dashboard.appsee.com/Videos/External/5d6b75ff908dfa155f3e94f2,No,
01/09/2019 2:09,Android,00:02:30,1.27,9,346,Anonymous,1091,SM-A305G,Peru,"Lima, Lima",15,16,No,No,WiFi,http://dashboard.appsee.com/Videos/External/5d6b6e92e9a29e0e58145c35,No,
01/09/2019 2:07,Android,00:00:59,1.27,9,346,Anonymous,1090,SM-A305G,Peru,"Lima, Lima",8,3,No,No,WiFi,http://dashboard.appsee.com/Videos/External/5d6b6e2e0a11d7150a118352,No,
01/09/2019 0:44,Android,00:00:19,1.27,9,809,Anonymous,2948,SM-J415G,Peru,"Chiclayo, Lambayeque",3,1,No,No,WiFi,http://dashboard.appsee.com/Videos/External/5d6b5abc1802da1594d01443,No,
01/09/2019 0:25,Android,00:00:20,1.27,9,809,Anonymous,2947,SM-J415G,Peru,"Chiclayo, Lambayeque",3,0,No,No,WiFi,http://dashboard.appsee.com/Videos/External/5d6b564ee9a29e0e5c93e355,No,
31/08/2019 21:26,Android,00:00:20,1.27,9,809,Anonymous,2946,SM-J415G,Peru,"Chiclayo, Lambayeque",3,0,No,No,WiFi,http://dashboard.appsee.com/Videos/External/5d6b2c5575259d15f2196990,No,
31/08/2019 21:00,Android,00:00:12,1.27,9,346,Anonymous,1089,SM-A305G,Peru,"Lima, Lima",2,0,No,No,WiFi,http://dashboard.appsee.com/Videos/External/5d6b262366c3be149624fd10,No,
31/08/2019 20:40,Android,00:03:38,1.27,9,346,Anonymous,1088,SM-A305G,Peru,"Lima, Lima",26,30,No,No,WiFi,http://dashboard.appsee.com/Videos/External/5d6b21a7a0143b15be212f3a,No,
31/08/2019 20:40,Android,00:00:09,1.27,9,346,Anonymous,1087,SM-A305G,Peru,"Lima, Lima",1,0,No,No,WiFi,http://dashboard.appsee.com/Videos/External/5d6b218ee9a29e0e5811a5b7,No,
31/08/2019 14:35,Android,00:00:18,1.27,7.0,5918,Anonymous,157,LG-M400,Peru,"Lima, Lima",3,1,No,No,WiFi,http://dashboard.appsee.com/Videos/External/5d6acc03b6f71b14ddde2005,No,
31/08/2019 12:33,Android,00:00:17,1.27,7.0,5918,Anonymous,156,LG-M400,Peru,"Chimbote, Ancash",3,2,No,No,WiFi,http://dashboard.appsee.com/Videos/External/5d6aaf7c66c3be149620ba4b,No,
31/08/2019 12:32,Android,00:00:59,1.27,7.0,5918,Anonymous,155,LG-M400,Peru,"Chimbote, Ancash",2,1,No,No,WiFi,http://dashboard.appsee.com/Videos/External/5d6aaf2c3003ce150c3720bd,No,
31/08/2019 10:47,Android,00:00:19,1.27,7.0,5918,Anonymous,154,LG-M400,Peru,"Chimbote, Ancash",4,2,No,No,WiFi,http://dashboard.appsee.com/Videos/External/5d6a968a3003ce150c364645,No,
31/08/2019 10:29,Android,00:00:38,1.27,6.0,5944,Anonymous,65,Lenovo PB2-650Y,Peru,"Lima, Lima",7,8,No,No,WiFi,http://dashboard.appsee.com/Videos/External/5d6a9243b6f71b14d7a53374,No,
31/08/2019 7:19,Android,00:01:21,1.27,7.1.1,4440,Anonymous,78,LG-M700,Peru,"Lima, Lima",1,0,No,No,WiFi,http://dashboard.appsee.com/Videos/External/5d6a65e0908dfa155c459252,No,
31/08/2019 7:17,Android,00:02:07,1.27,7.1.1,4440,Anonymous,77,LG-M700,Peru,"Lima, Lima",3,4,No,No,WiFi,http://dashboard.appsee.com/Videos/External/5d6a6559908dfa156246f82c,No,
31/08/2019 6:41,Android,00:00:16,1.27,9,809,Anonymous,2940,SM-J415G,Peru,"Chiclayo, Lambayeque",3,0,No,No,WiFi,http://dashboard.appsee.com/Videos/External/5d6a5ce9e57d5d14ca8ae976,No,
31/08/2019 6:08,Android,00:00:39,1.27,9,809,Anonymous,2939,SM-J415G,Peru,"Chiclayo, Lambayeque",3,1,No,No,WiFi,http://dashboard.appsee.com/Videos/External/5d6a554be9a29e0e5a803bc4,No,
31/08/2019 2:26,Android,00:00:53,1.27,9,809,Anonymous,2938,SM-J415G,Peru,"Chiclayo, Lambayeque",4,1,No,No,WiFi,http://dashboard.appsee.com/Videos/External/5d6a212645b7c715d798e90b,No,
31/08/2019 1:16,Android,00:01:33,1.27,9,809,Anonymous,2937,SM-J415G,Peru,"Chiclayo, Lambayeque",6,2,No,No,WiFi,http://dashboard.appsee.com/Videos/External/5d6a10b501ccf414f1de1170,No,
31/08/2019 0:22,Android,00:00:28,1.27,9,809,Anonymous,2936,SM-J415G,Peru,"Chiclayo, Lambayeque",3,0,No,No,WiFi,http://dashboard.appsee.com/Videos/External/5d6a042ba0143b15be17720b,No,
30/08/2019 21:13,Android,00:00,1.27,9,809,Anonymous,2935,SM-J415G,Peru,"Chiclayo, Lambayeque",1,0,No,No,WiFi,http://dashboard.appsee.com/Videos/External/5d69d7e3e9a29e0e5805f647,No,
30/08/2019 20:59,Android,00:00:22,1.27,9,809,Anonymous,2934,SM-J415G,Peru,"Chiclayo, Lambayeque",3,0,No,No,WiFi,http://dashboard.appsee.com/Videos/External/5d69d493c0a21d14e24f26c5,No,
30/08/2019 20:55,Android,00:00:00,1.27,9,809,Anonymous,2933,SM-J415G,Peru,"Chiclayo, Lambayeque",1,0,No,No,WiFi,http://dashboard.appsee.com/Videos/External/5d69d39b90634315bd471a16,No,
30/08/2019 20:00,Android,00:00:03,1.27,5.1.1,6373,Anonymous,55,SM-J120M,Peru,"Trujillo, La Libertad",2,4,No,No,WiFi,http://dashboard.appsee.com/Videos/External/5d69c6bad9fd7415d12df01d,No,
30/08/2019 15:04,Android,00:01:04,1.27,7.0,5918,Anonymous,153,LG-M400,Peru,"Lima, Lima",1,2,No,No,WiFi,http://dashboard.appsee.com/Videos/External/5d698166f8320815b5972d7e,No,
30/08/2019 15:03,Android,00:00:35,1.27,7.0,5918,Anonymous,152,LG-M400,Peru,"Lima, Lima",2,1,No,No,WiFi,http://dashboard.appsee.com/Videos/External/5d6980fcf8320815b9a8666d,No,
30/08/2019 12:27,Android,00:00:25,1.27,9,5801,Anonymous,35,SNE-LX3,Peru,"Lima, Lima",4,2,No,No,WiFi,http://dashboard.appsee.com/Videos/External/5d695c7ba0143b15bbb19d29,No,
30/08/2019 10:49,Android,00:00:28,1.27,9,4403,Anonymous,46,SM-A705MN,Peru,"Tocache Nuevo, San Martin",5,1,No,No,WiFi,http://dashboard.appsee.com/Videos/External/5d69457bc0a21d14e249d946,No,
30/08/2019 10:33,Android,00:00:49,1.27,9,3887,Anonymous,151,SM-A205G,Peru,"Trujillo, La Libertad",3,0,No,No,WiFi,http://dashboard.appsee.com/Videos/External/5d6941b94c38511513bf63b9,No,
30/08/2019 10:10,Android,00:00:07,1.27,9,3887,Anonymous,150,SM-A205G,Peru,"Trujillo, La Libertad",3,0,No,No,WiFi,http://dashboard.appsee.com/Videos/External/5d693c73c6c86415628ea0c7,No,
30/08/2019 9:58,Android,00:01:02,1.27,9,3887,Anonymous,149,SM-A205G,Peru,"Trujillo, La Libertad",8,1,No,No,WiFi,http://dashboard.appsee.com/Videos/External/5d693985f8320815b594ea11,No,
30/08/2019 9:38,Android,00:00,1.27,9,809,Anonymous,2906,SM-J415G,Peru,"Chiclayo, Lambayeque",1,0,No,No,WiFi,http://dashboard.appsee.com/Videos/External/5d6934ea8772d314ec995e2a,No,
30/08/2019 9:35,Android,00:01:05,1.27,9,809,Anonymous,2905,SM-J415G,Peru,"Chiclayo, Lambayeque",3,0,No,No,WiFi,http://dashboard.appsee.com/Videos/External/5d69342fa0143b15bbb05164,No,
30/08/2019 9:11,Android,00:00:15,1.27,9,809,Anonymous,2904,SM-J415G,Peru,"Chiclayo, Lambayeque",3,0,No,No,WiFi,http://dashboard.appsee.com/Videos/External/5d692eaaf8320815b9a5cd25,No,
30/08/2019 9:11,Android,00:00:09,1.27,9,809,Anonymous,2903,SM-J415G,Peru,"Chiclayo, Lambayeque",3,2,No,No,WiFi,http://dashboard.appsee.com/Videos/External/5d692e9e8772d314f2ee54c5,No,
30/08/2019 8:56,Android,00:00:37,1.27,6.0,5944,Anonymous,64,Lenovo PB2-650Y,Peru,"Lima, Lima",7,9,No,No,WiFi,http://dashboard.appsee.com/Videos/External/5d692af770765a14f294ef45,No,
30/08/2019 7:40,Android,00:00:24,1.27,7.0,5918,Anonymous,151,LG-M400,Peru,"Chimbote, Ancash",3,1,No,No,WiFi,http://dashboard.appsee.com/Videos/External/5d69192a66c3be1498f32e08,No,
30/08/2019 6:30,Android,00:00:43,1.27,9,809,Anonymous,2901,SM-J415G,Peru,"Chiclayo, Lambayeque",3,0,No,No,WiFi,http://dashboard.appsee.com/Videos/External/5d6908d3e3a565183bf1ebf7,No,
30/08/2019 5:50,Android,00:00:14,1.27,9,809,Anonymous,2900,SM-J415G,Peru,"Chiclayo, Lambayeque",5,2,No,No,WiFi,http://dashboard.appsee.com/Videos/External/5d68ff6a45b7c715d78ea633,No,
30/08/2019 5:50,Android,00:00,1.27,9,809,Anonymous,2899,SM-J415G,Peru,"Chiclayo, Lambayeque",1,0,No,No,WiFi,http://dashboard.appsee.com/Videos/External/5d68ff6745b7c715d2be53f8,No,
30/08/2019 5:50,Android,00:00:01,1.27,9,809,Anonymous,2898,SM-J415G,Peru,"Chiclayo, Lambayeque",1,1,No,No,WiFi,http://dashboard.appsee.com/Videos/External/5d68ff654c38511511347f68,No,
30/08/2019 5:07,Android,00:00:13,1.27,9,809,Anonymous,2897,SM-J415G,Peru,"Chiclayo, Lambayeque",2,0,No,No,WiFi,http://dashboard.appsee.com/Videos/External/5d68f56b8772d314f2ec6ced,No,
30/08/2019 3:42,Android,00:00:48,1.27,9,809,Anonymous,2896,SM-J415G,Peru,"Chiclayo, Lambayeque",3,1,No,No,WiFi,http://dashboard.appsee.com/Videos/External/5d68e15f4c38511513bc267c,No,
30/08/2019 1:24,Android,00:01:52,1.27,7.0,5918,Anonymous,150,LG-M400,Peru,"Chimbote, Ancash",4,1,No,No,WiFi,http://dashboard.appsee.com/Videos/External/5d68c12e4c38511513bb4057,No,
30/08/2019 0:52,Android,00:00:10,1.27,9,809,Anonymous,2895,SM-J415G,Peru,"Chiclayo, Lambayeque",1,0,No,No,WiFi,http://dashboard.appsee.com/Videos/External/5d68b98ba0143b15c0a9e6b4,No,
30/08/2019 0:52,Android,00:00:02,1.27,9,809,Anonymous,2894,SM-J415G,Peru,"Chiclayo, Lambayeque",2,0,No,No,WiFi,http://dashboard.appsee.com/Videos/External/5d68b9888517f314f46e0e21,No,
30/08/2019 0:02,Android,00:00:07,1.27,9,809,Anonymous,2893,SM-J415G,Peru,"Chiclayo, Lambayeque",3,2,No,No,WiFi,http://dashboard.appsee.com/Videos/External/5d68adeb940ec216880cebdd,No,
30/08/2019 0:02,Android,00:00:02,1.27,9,809,Anonymous,2892,SM-J415G,Peru,"Chiclayo, Lambayeque",1,0,No,No,WiFi,http://dashboard.appsee.com/Videos/External/5d68add9940ec216880cebd7,Yes,
30/08/2019 0:00,Android,00:00:32,1.27,9,809,Anonymous,2891,SM-J415G,Peru,"Chiclayo, Lambayeque",3,0,No,No,WiFi,http://dashboard.appsee.com/Videos/External/5d68ad5b8517f314f06f251f,No,
29/08/2019 23:21,Android,00:02:50,1.27,9,809,Anonymous,2890,SM-J415G,Peru,"Chiclayo, Lambayeque",6,4,No,No,WiFi,http://dashboard.appsee.com/Videos/External/5d68a449daf8cf15b34126a9,No,
29/08/2019 23:17,Android,00:00:24,1.27,9,809,Anonymous,2889,SM-J415G,Peru,"Chiclayo, Lambayeque",3,1,No,No,WiFi,http://dashboard.appsee.com/Videos/External/5d68a36ddaf8cf15b84c1695,No,
29/08/2019 23:13,Android,00:00:31,1.27,9,809,Anonymous,2888,SM-J415G,Peru,"Chiclayo, Lambayeque",1,0,No,No,WiFi,http://dashboard.appsee.com/Videos/External/5d68a24d4c38511517c741c5,No,
29/08/2019 23:12,Android,00:00,1.27,9,809,Anonymous,2887,SM-J415G,Peru,"Chiclayo, Lambayeque",2,0,No,No,WiFi,http://dashboard.appsee.com/Videos/External/5d68a24ae9a29e0e5e932691,No,
29/08/2019 23:00,Android,00:00:46,1.27,9,809,Anonymous,2886,SM-J415G,Peru,"Chiclayo, Lambayeque",1,0,No,No,WiFi,http://dashboard.appsee.com/Videos/External/5d689f6e1c972215b3e4c0c0,No,
29/08/2019 22:54,Android,00:03:48,1.27,9,809,Anonymous,2885,SM-J415G,Peru,"Chiclayo, Lambayeque",1,1,No,No,WiFi,http://dashboard.appsee.com/Videos/External/5d689dfd1c972215bbe7cf2f,No,
29/08/2019 22:37,Android,00:00:47,1.27,9,809,Anonymous,2884,SM-J415G,Peru,"Chiclayo, Lambayeque",2,0,No,No,WiFi,http://dashboard.appsee.com/Videos/External/5d689a03940ec216880c4310,No,
29/08/2019 22:25,Android,00:01:01,1.27,9,809,Anonymous,2883,SM-J415G,Peru,"Chiclayo, Lambayeque",3,0,No,No,WiFi,http://dashboard.appsee.com/Videos/External/5d68973c940ec2168a546d49,No,
29/08/2019 20:07,Android,00:00:12,1.27,9,4403,Anonymous,41,SM-A705MN,Peru,"Tocache Nuevo, San Martin",1,0,No,No,WiFi,http://dashboard.appsee.com/Videos/External/5d6876dfe9a29e0e5c79ebaf,No,
29/08/2019 20:07,Android,00:00:02,1.27,9,4403,Anonymous,40,SM-A705MN,Peru,"Tocache Nuevo, San Martin",1,0,No,No,WiFi,http://dashboard.appsee.com/Videos/External/5d6876d81c972215bbe65df9,No,
29/08/2019 20:07,Android,00:00:08,1.27,9,4403,Anonymous,39,SM-A705MN,Peru,"Tocache Nuevo, San Martin",1,0,No,No,WiFi,http://dashboard.appsee.com/Videos/External/5d6876ce66c3be149b8d1489,No,
29/08/2019 20:07,Android,00:00:00,1.27,9,4403,Anonymous,38,SM-A705MN,Peru,"Tocache Nuevo, San Martin",1,0,No,No,WiFi,http://dashboard.appsee.com/Videos/External/5d6876cb1c972215b3e33e52,No,
29/08/2019 20:07,Android,00:00:01,1.27,9,4403,Anonymous,37,SM-A705MN,Peru,"Tocache Nuevo, San Martin",2,0,No,No,WiFi,http://dashboard.appsee.com/Videos/External/5d6876c82c156814b9071c51,No,
29/08/2019 15:24,Android,00:00:15,1.27,7.0,2430,Anonymous,112,SM-J701M,Peru,"Trujillo, La Libertad",3,1,No,No,WiFi,http://dashboard.appsee.com/Videos/External/5d6834748ad9dc14e93bfc70,No,
29/08/2019 13:05,Android,00:02:43,1.27,7.1.1,4440,Anonymous,76,LG-M700,Peru,"Lima, Lima",1,8,No,No,WiFi,http://dashboard.appsee.com/Videos/External/5d6813f2547534157f454991,No,
29/08/2019 13:01,Android,00:01:58,1.27,7.1.1,4440,Anonymous,75,LG-M700,Peru,"Lima, Lima",1,0,No,No,WiFi,http://dashboard.appsee.com/Videos/External/5d6812f2547534157b2e2d25,No,
29/08/2019 12:52,Android,00:08:16,1.27,7.1.1,4440,Anonymous,74,LG-M700,Peru,"Lima, Lima",11,17,No,No,WiFi,http://dashboard.appsee.com/Videos/External/5d6810fb547534157f453061,No,
29/08/2019 12:51,Android,00:01:00,1.27,7.1.1,4440,Anonymous,73,LG-M700,Peru,"Lima, Lima",6,7,No,No,WiFi,http://dashboard.appsee.com/Videos/External/5d681090daf8cf15b1aebdc9,No,
29/08/2019 10:05,Android,00:00,1.27,9,3126,Anonymous,72,SM-A505G,Peru,"Lima, Lima",1,0,No,No,WiFi,http://dashboard.appsee.com/Videos/External/5d67e9bf1c972215b3de54b0,No,
29/08/2019 9:59,Android,00:00:28,1.27,9,3126,Anonymous,71,SM-A505G,Peru,"Lima, Lima",2,0,No,No,WiFi,http://dashboard.appsee.com/Videos/External/5d67e8541c972215bbe16903,No,
29/08/2019 9:59,Android,00:00:10,1.27,9,3126,Anonymous,70,SM-A505G,Peru,"Lima, Lima",1,3,No,No,WiFi,http://dashboard.appsee.com/Videos/External/5d67e8441c972215b65e2467,No,
29/08/2019 9:57,Android,00:00:27,1.27,9,3126,Anonymous,69,SM-A505G,Peru,"Lima, Lima",2,0,No,No,WiFi,http://dashboard.appsee.com/Videos/External/5d67e7f04c38511515ec3aba,No,
29/08/2019 9:39,Android,00:00:37,1.27,7.0,5918,Anonymous,143,LG-M400,Peru,"Chimbote, Ancash",1,0,No,No,WiFi,http://dashboard.appsee.com/Videos/External/5d67e3a384afdb14e3dd9097,No,
29/08/2019 9:39,Android,00:00:39,1.27,9,3126,Anonymous,68,SM-A505G,Peru,"Lima, Lima",1,4,No,No,WiFi,http://dashboard.appsee.com/Videos/External/5d67e3a22c156814b6c5e738,No,
29/08/2019 9:39,Android,00:00:02,1.27,9,3126,Anonymous,67,SM-A505G,Peru,"Lima, Lima",1,0,No,No,WiFi,http://dashboard.appsee.com/Videos/External/5d67e3974c38511515ec1668,No,
29/08/2019 9:39,Android,00:00,1.27,9,3126,Anonymous,66,SM-A505G,Peru,"Lima, Lima",1,0,No,No,WiFi,http://dashboard.appsee.com/Videos/External/5d67e395547534157dad2e81,No,
29/08/2019 5:38,Android,00:00:22,1.27,9,346,Anonymous,1060,SM-A305G,Peru,"Lima, Lima",3,1,No,No,WiFi,http://dashboard.appsee.com/Videos/External/5d67ab2b9aa8fe152666dbf4,No,
29/08/2019 5:27,Android,00:00:40,1.27,7.0,5918,Anonymous,142,LG-M400,Peru,"Chimbote, Ancash",3,1,No,No,WiFi,http://dashboard.appsee.com/Videos/External/5d67a87cdc444114cb3fd350,No,
29/08/2019 1:55,Android,00:10:09,1.27,9,346,Anonymous,1059,SM-A305G,Peru,"Lima, Lima",3,0,No,No,WiFi,http://dashboard.appsee.com/Videos/External/5d6776dedc444114cb3e78ae,No,
28/08/2019 23:42,Android,00:01:38,1.27,7.0,5918,Anonymous,141,LG-M400,Peru,"Chimbote, Ancash",2,1,No,No,WiFi,http://dashboard.appsee.com/Videos/External/5d6757b0dc444114c734a692,No,
28/08/2019 23:24,Android,00:00,1.27,9,346,Anonymous,1057,SM-A305G,Peru,"Lima, Lima",1,0,No,No,WiFi,http://dashboard.appsee.com/Videos/External/5d675389fccd5e152d74981c,No,
28/08/2019 23:11,Android,00:00:09,1.27,9,346,Anonymous,1055,SM-A305G,Peru,"Lima, Lima",3,0,No,No,WiFi,http://dashboard.appsee.com/Videos/External/5d67507ae9a29e0e5c7034cf,No,
28/08/2019 22:53,Android,00:00:27,1.27,9,346,Anonymous,1054,SM-A305G,Peru,"Lima, Lima",4,3,No,No,WiFi,http://dashboard.appsee.com/Videos/External/5d674c4dfccd5e152beb74f3,No,
28/08/2019 22:29,Android,00:00:10,1.27,9,346,Anonymous,1053,SM-A305G,Peru,"Lima, Lima",3,1,No,No,WiFi,http://dashboard.appsee.com/Videos/External/5d674692727ce6169ccf01cc,No,
28/08/2019 22:18,Android,00:10:05,1.27,9,346,Anonymous,1052,SM-A305G,Peru,"Lima, Lima",3,1,No,No,WiFi,http://dashboard.appsee.com/Videos/External/5d6743ea9aa8fe152a894c56,No,
28/08/2019 22:02,Android,00:00:28,1.27,5.1.1,6373,Anonymous,30,SM-J120M,Peru,"Arequipa, Arequipa",4,2,No,No,WiFi,http://dashboard.appsee.com/Videos/External/5d67404cdaf8cf15b602b0d9,No,
28/08/2019 21:55,Android,00:00:19,1.27,9,346,Anonymous,1051,SM-A305G,Peru,"Lima, Lima",5,2,No,No,WiFi,http://dashboard.appsee.com/Videos/External/5d673ebc2c156814b6c0e791,No,
28/08/2019 21:37,Android,00:00:11,1.27,9,346,Anonymous,1050,SM-A305G,Peru,"Lima, Lima",3,1,No,No,WiFi,http://dashboard.appsee.com/Videos/External/5d673a703199b514e68ceccf,No,
28/08/2019 21:36,Android,00:01:11,1.27,9,346,Anonymous,1049,SM-A305G,Peru,"Lima, Lima",3,1,No,No,WiFi,http://dashboard.appsee.com/Videos/External/5d673a1b3199b514e8da0bc9,No,
28/08/2019 20:50,Android,00:41:27,1.27,9,346,Anonymous,1048,SM-A305G,Peru,"Lima, Lima",9,4,No,No,WiFi,http://dashboard.appsee.com/Videos/External/5d672f71e9a29e0e5c6f02c6,No,
28/08/2019 20:36,Android,00:00:10,1.27,9,346,Anonymous,1047,SM-A305G,Peru,"Lima, Lima",3,0,No,No,WiFi,http://dashboard.appsee.com/Videos/External/5d672c225b85b8155d6f3aa6,No,
28/08/2019 20:34,Android,00:01:12,1.27,5.1.1,6373,Anonymous,27,SM-J120M,Peru,"Arequipa, Arequipa",2,1,No,No,WiFi,http://dashboard.appsee.com/Videos/External/5d672bb3727ce6169a084b75,No,
28/08/2019 20:00,Android,00:12:23,1.27,9,346,Anonymous,1046,SM-A305G,Peru,"Lima, Lima",5,2,No,No,WiFi,http://dashboard.appsee.com/Videos/External/5d6723a67cb1eb15d6a494f7,No,
28/08/2019 19:59,Android,00:00:11,1.27,9,346,Anonymous,1045,SM-A305G,Peru,"Lima, Lima",2,0,No,No,WiFi,http://dashboard.appsee.com/Videos/External/5d672362e9a29e0e58ee2f2a,No,
28/08/2019 19:23,Android,00:00:27,1.27,9,346,Anonymous,1044,SM-A305G,Peru,"Lima, Lima",3,1,No,No,WiFi,http://dashboard.appsee.com/Videos/External/5d671b1edaf8cf15b1a702a1,No,
28/08/2019 19:08,Android,00:02:39,1.27,9,346,Anonymous,1043,SM-A305G,Peru,"Lima, Lima",7,3,No,No,WiFi,http://dashboard.appsee.com/Videos/External/5d671787daf8cf15b6012154,No,
28/08/2019 18:57,Android,00:00:15,1.27,9,346,Anonymous,1042,SM-A305G,Peru,"Lima, Lima",4,1,No,No,WiFi,http://dashboard.appsee.com/Videos/External/5d6714f607c154167ec64a8e,No,
28/08/2019 17:30,Android,00:00:12,1.27,9,1816,Anonymous,322,SM-G973F,Peru,"Lima, Lima",2,0,No,No,WiFi,http://dashboard.appsee.com/Videos/External/5d6700a2dd06e614fdbf4fd3,No,
28/08/2019 15:29,Android,00:00:43,1.27,9,4403,Anonymous,36,SM-A705MN,Peru,"Tocache Nuevo, San Martin",9,3,No,No,WiFi,http://dashboard.appsee.com/Videos/External/5d66e42fdd06e614fdbe556f,No,
28/08/2019 14:49,Android,00:00:35,1.27,7.0,5918,Anonymous,138,LG-M400,Peru,"Lima, Lima",3,1,No,No,WiFi,http://dashboard.appsee.com/Videos/External/5d66dac8e2924d1630081157,No,
28/08/2019 13:44,Android,00:05:19,1.27,9,346,Anonymous,1037,SM-A305G,Peru,"Lima, Lima",19,17,No,No,WiFi,http://dashboard.appsee.com/Videos/External/5d66cb8ae2924d16320727f4,No,
28/08/2019 13:36,Android,00:00:12,1.27,6.0.1,6570,Anonymous,4,SM-G532M,Peru,"Chiclayo, Lambayeque",4,3,No,No,WiFi,http://dashboard.appsee.com/Videos/External/5d66c9cbf00ac315fe454140,No,
28/08/2019 13:05,Android,00:00:11,1.27,6.0.1,6570,Anonymous,3,SM-G532M,Peru,"Chiclayo, Lambayeque",1,0,No,No,WiFi,http://dashboard.appsee.com/Videos/External/5d66c272727ce616a0b2e170,No,
28/08/2019 13:05,Android,00:00:02,1.27,6.0.1,6570,Anonymous,2,SM-G532M,Peru,"Chiclayo, Lambayeque",1,0,No,No,WiFi,http://dashboard.appsee.com/Videos/External/5d66c264727ce6169a04799a,No,
28/08/2019 13:03,Android,00:01:53,1.27,6.0.1,6570,Anonymous,1,SM-G532M,Peru,"Chiclayo, Lambayeque",8,14,No,No,WiFi,http://dashboard.appsee.com/Videos/External/5d66c1e8c0973b149a7800d6,No,
28/08/2019 12:42,Android,00:00:26,1.27,9,3710,Anonymous,12,SM-G9600,Peru,"Lima, Lima",2,0,No,No,WiFi,http://dashboard.appsee.com/Videos/External/5d66bceb07c1541678eb0699,No,
28/08/2019 12:10,Android,00:01:48,1.27,8.1.0,2429,Anonymous,650,SM-J260M,Peru,"Pampas, Huancavelica",10,4,No,No,WiFi,http://dashboard.appsee.com/Videos/External/5d66b56bdd06e6150060f0b9,No,
28/08/2019 11:26,Android,00:00:15,1.27,9,809,Anonymous,2873,SM-J415G,Peru,"Chiclayo, Lambayeque",4,2,No,No,WiFi,http://dashboard.appsee.com/Videos/External/5d66ab2ddd06e61500609887,No,
28/08/2019 10:52,Android,00:00:44,1.27,7.0,5918,Anonymous,137,LG-M400,Peru,"Chimbote, Ancash",3,2,No,No,WiFi,http://dashboard.appsee.com/Videos/External/5d66a331cc201914c95a003b,No,
28/08/2019 10:49,Android,00:02:05,1.27,7.0,5918,Anonymous,136,LG-M400,Peru,"Chimbote, Ancash",2,1,No,No,WiFi,http://dashboard.appsee.com/Videos/External/5d66a297dd06e614f8b74bc5,No,
28/08/2019 10:11,Android,00:00:16,1.27,9,809,Anonymous,2872,SM-J415G,Peru,"Chiclayo, Lambayeque",4,2,No,No,WiFi,http://dashboard.appsee.com/Videos/External/5d6699a0cc201914c959b19e,No,
28/08/2019 10:10,Android,00:00,1.27,9,809,Anonymous,2871,SM-J415G,Peru,"Chiclayo, Lambayeque",1,0,No,No,WiFi,http://dashboard.appsee.com/Videos/External/5d66996acc201914c4f5381b,No,
28/08/2019 10:06,Android,00:00:24,1.27,9,809,Anonymous,2870,SM-J415G,Peru,"Chiclayo, Lambayeque",3,1,No,No,WiFi,http://dashboard.appsee.com/Videos/External/5d66987acc201914cb4d01ca,No,
28/08/2019 10:05,Android,00:00:30,1.27,9,809,Anonymous,2869,SM-J415G,Peru,"Chiclayo, Lambayeque",1,0,No,No,WiFi,http://dashboard.appsee.com/Videos/External/5d669840e2924d163005f88e,No,
28/08/2019 10:05,Android,00:00:02,1.27,9,809,Anonymous,2868,SM-J415G,Peru,"Chiclayo, Lambayeque",2,0,No,No,WiFi,http://dashboard.appsee.com/Videos/External/5d6698399aa8fe1528869b8b,No,
28/08/2019 9:43,Android,00:00:11,1.27,9,809,Anonymous,2867,SM-J415G,Peru,"Chiclayo, Lambayeque",5,3,No,No,WiFi,http://dashboard.appsee.com/Videos/External/5d669323f00ac315fe43a43c,No,
28/08/2019 9:35,Android,00:01:00,1.27,9,809,Anonymous,2866,SM-J415G,Peru,"Chiclayo, Lambayeque",3,0,No,No,WiFi,http://dashboard.appsee.com/Videos/External/5d669121f00ac31600d0a9cb,No,
28/08/2019 9:22,Android,00:00:01,1.27,9,809,Anonymous,2865,SM-J415G,Peru,"Chiclayo, Lambayeque",3,0,No,No,WiFi,http://dashboard.appsee.com/Videos/External/5d668e2bcc201914c95950e5,No,
28/08/2019 9:22,Android,00:00,1.27,9,809,Anonymous,2864,SM-J415G,Peru,"Chiclayo, Lambayeque",1,0,No,No,WiFi,http://dashboard.appsee.com/Videos/External/5d668e0c9aa8fe1528864968,No,
28/08/2019 7:56,Android,00:00:56,1.27,6.0,5944,Anonymous,59,Lenovo PB2-650Y,Peru,"Lima, Lima",7,8,No,No,WiFi,http://dashboard.appsee.com/Videos/External/5d667a0b07c154167b1ba765,No,
28/08/2019 7:50,Android,00:00,1.27,9,346,Anonymous,1032,SM-A305G,Peru,"Lima, Lima",1,0,No,No,WiFi,http://dashboard.appsee.com/Videos/External/5d66789ca396bf1543f1fcb7,No,
28/08/2019 7:40,Android,00:03:55,1.27,9,346,Anonymous,1031,SM-A305G,Peru,"Lima, Lima",3,1,No,No,WiFi,http://dashboard.appsee.com/Videos/External/5d667637daf8cf15b1a19117,No,
28/08/2019 7:18,Android,00:00:02,1.27,9,4242,Anonymous,31,SM-A730F,Peru,"Chepen, La Libertad",2,2,No,No,WiFi,http://dashboard.appsee.com/Videos/External/5d66710e2c156814b9f5b1d7,No,
28/08/2019 7:17,Android,00:00:37,1.27,9,4242,Anonymous,30,SM-A730F,Peru,"Chepen, La Libertad",1,0,No,No,WiFi,http://dashboard.appsee.com/Videos/External/5d6670e32c156814bb6df09d,No,
28/08/2019 7:14,Android,00:00:51,1.27,9,4242,Anonymous,29,SM-A730F,Peru,"Chepen, La Libertad",3,0,No,No,WiFi,http://dashboard.appsee.com/Videos/External/5d66704307c154167b1b5e11,No,
28/08/2019 6:39,Android,00:01:50,1.27,9,346,Anonymous,1029,SM-A305G,Peru,"Lima, Lima",1,0,No,No,WiFi,http://dashboard.appsee.com/Videos/External/5d6667d89aa8fe152cdff899,No,
28/08/2019 6:28,Android,00:00:33,1.27,9,346,Anonymous,1027,SM-A305G,Peru,"Lima, Lima",3,1,No,No,WiFi,http://dashboard.appsee.com/Videos/External/5d666575c0973b1494712703,No,
28/08/2019 4:34,Android,00:00:35,1.27,7.0,5918,Anonymous,135,LG-M400,Peru,"Chimbote, Ancash",4,2,No,No,WiFi,http://dashboard.appsee.com/Videos/External/5d664aada396bf1545ca0b9d,No,
27/08/2019 23:45,Android,00:00:17,1.27,9,809,Anonymous,2858,SM-J415G,Peru,"Chiclayo, Lambayeque",4,2,No,No,WiFi,http://dashboard.appsee.com/Videos/External/5d660700a396bf1545c837e7,No,
27/08/2019 23:22,Android,00:02:05,1.27,9,809,Anonymous,2857,SM-J415G,Peru,"Chiclayo, Lambayeque",5,1,No,No,WiFi,http://dashboard.appsee.com/Videos/External/5d660177daf8cf15b6f8aa4e,No,
27/08/2019 22:58,Android,00:00:02,1.27,9,809,Anonymous,2856,SM-J415G,Peru,"Chiclayo, Lambayeque",2,1,No,No,WiFi,http://dashboard.appsee.com/Videos/External/5d65fbdf53926818c1f02495,No,
27/08/2019 22:24,Android,00:00:31,1.27,9,809,Anonymous,2855,SM-J415G,Peru,"Chiclayo, Lambayeque",3,1,No,No,WiFi,http://dashboard.appsee.com/Videos/External/5d65f3eee9a29e0e5c64bc51,No,
27/08/2019 22:18,Android,00:00:23,1.27,9,346,Anonymous,1024,SM-A305G,Peru,"Lima, Lima",5,2,No,No,WiFi,http://dashboard.appsee.com/Videos/External/5d65f29b2e1a6c157f4be52d,No,
27/08/2019 21:53,Android,00:02:28,1.27,9,346,Anonymous,1021,SM-A305G,Peru,"Lima, Lima",8,3,No,No,WiFi,http://dashboard.appsee.com/Videos/External/5d65ec972e1a6c1583548538,No,
27/08/2019 21:51,Android,00:00:14,1.27,8.1.0,2429,Anonymous,647,SM-J260M,Peru,"Lima, Lima",3,1,No,No,WiFi,http://dashboard.appsee.com/Videos/External/5d65ec489aa8fe1528819fd0,No,
27/08/2019 21:51,Android,00:00:00,1.27,8.1.0,2429,Anonymous,646,SM-J260M,Peru,"Lima, Lima",2,0,Yes,No,WiFi,http://dashboard.appsee.com/Videos/External/5d65ec3fe9f54514dd62ae68,No,
27/08/2019 21:50,Android,00:00:34,1.27,9,346,Anonymous,1020,SM-A305G,Peru,"Lima, Lima",5,4,No,No,WiFi,http://dashboard.appsee.com/Videos/External/5d65ebf9b8b18914c51770c4,No,
27/08/2019 21:36,Android,00:00:08,1.27,8.1.0,2429,Anonymous,645,SM-J260M,Peru,"Lima, Lima",1,0,No,No,WiFi,http://dashboard.appsee.com/Videos/External/5d65e89653926818beef5719,No,
27/08/2019 21:36,Android,00:00:02,1.27,8.1.0,2429,Anonymous,644,SM-J260M,Peru,"Lima, Lima",1,1,No,No,WiFi,http://dashboard.appsee.com/Videos/External/5d65e891b8b18914c5175113,No,
27/08/2019 21:29,Android,00:00:32,1.27,9,346,Anonymous,1019,SM-A305G,Peru,"Lima, Lima",7,3,No,No,WiFi,http://dashboard.appsee.com/Videos/External/5d65e6f607c1541681f93f76,No,
27/08/2019 21:28,Android,00:00:17,1.27,9,346,Anonymous,1018,SM-A305G,Peru,"Lima, Lima",3,0,No,No,WiFi,http://dashboard.appsee.com/Videos/External/5d65e6d7e9a29e0e5a5a0dae,No,
27/08/2019 20:55,Android,00:01:13,1.27,9,346,Anonymous,1017,SM-A305G,Peru,"Lima, Lima",1,0,No,No,WiFi,http://dashboard.appsee.com/Videos/External/5d65df1ed2a2b716161e88d3,No,
27/08/2019 20:55,Android,00:00:12,1.27,9,346,Anonymous,1016,SM-A305G,Peru,"Lima, Lima",2,0,No,No,WiFi,http://dashboard.appsee.com/Videos/External/5d65df0e07c1541681f8f76b,No,
27/08/2019 19:53,Android,00:00:09,1.27,8.1.0,2429,Anonymous,643,SM-J260M,Peru,"Lima, Lima",3,0,No,No,WiFi,http://dashboard.appsee.com/Videos/External/5d65d0a52e1a6c157f4ab1b5,No,
27/08/2019 19:50,Android,00:01:46,1.27,6.0,5944,Anonymous,58,Lenovo PB2-650Y,Peru,"Lima, Lima",7,14,No,No,WiFi,http://dashboard.appsee.com/Videos/External/5d65cfc607c154167ebc2a8e,No,
27/08/2019 19:49,Android,00:00:23,1.27,6.0,5944,Anonymous,57,Lenovo PB2-650Y,Peru,"Lima, Lima",4,18,No,No,WiFi,http://dashboard.appsee.com/Videos/External/5d65cfac07c1541678e3dc78,No,
27/08/2019 19:43,Android,00:00:11,1.27,9,346,Anonymous,1015,SM-A305G,Peru,"Lima, Lima",2,0,No,No,WiFi,http://dashboard.appsee.com/Videos/External/5d65ce3153926818c1ee809f,No,
27/08/2019 19:42,Android,00:01:52,1.27,5.1.1,6373,Anonymous,17,SM-J120M,Peru,"Arequipa, Arequipa",3,2,No,No,WiFi,http://dashboard.appsee.com/Videos/External/5d65cddf07c1541678e3c933,No,
27/08/2019 19:39,Android,00:01:37,1.27,5.1.1,6373,Anonymous,16,SM-J120M,Peru,"Arequipa, Arequipa",2,0,No,No,WiFi,http://dashboard.appsee.com/Videos/External/5d65cd44d2a2b71611fbb231,No,
27/08/2019 19:32,Android,00:01:07,1.27,9,346,Anonymous,1014,SM-A305G,Peru,"Lima, Lima",10,4,No,No,WiFi,http://dashboard.appsee.com/Videos/External/5d65cb82e9a29e0e58e2d359,No,
27/08/2019 19:12,Android,00:00:13,1.27,8.1.0,2429,Anonymous,642,SM-J260M,Peru,"Lima, Lima",3,1,No,No,WiFi,http://dashboard.appsee.com/Videos/External/5d65c706727ce6169afc8c49,No,
27/08/2019 18:52,Android,00:00:45,1.27,7.0,5918,Anonymous,129,LG-M400,Peru,"Chimbote, Ancash",3,2,No,No,WiFi,http://dashboard.appsee.com/Videos/External/5d65c2579aa8fe152657487a,No,
27/08/2019 18:47,Android,00:01:17,1.27,9,346,Anonymous,1013,SM-A305G,Peru,"Lima, Lima",9,5,No,No,WiFi,http://dashboard.appsee.com/Videos/External/5d65c12907c154167ebb8e06,No,
27/08/2019 17:06,Android,00:00:05,1.27,8.1.0,6141,Anonymous,15,Samsung Galaxy J7 Prime Duos,Peru,"San Ramon, Junin",2,1,No,No,WiFi,http://dashboard.appsee.com/Videos/External/5d65a94f9aa8fe152cd9d287,No,
27/08/2019 16:29,Android,00:00:33,1.27,7.0,5918,Anonymous,128,LG-M400,Peru,"Chimbote, Ancash",2,1,No,No,WiFi,http://dashboard.appsee.com/Videos/External/5d65a0c84e7a3716cccc37c6,No,
27/08/2019 16:29,Android,00:00:02,1.27,7.0,5918,Anonymous,127,LG-M400,Peru,"Chimbote, Ancash",1,1,No,No,WiFi,http://dashboard.appsee.com/Videos/External/5d65a0c4d2a2b716161c22b4,No,
27/08/2019 15:57,Android,00:02:18,1.27,6.0,5944,Anonymous,55,Lenovo PB2-650Y,Peru,"Lima, Lima",15,20,No,No,WiFi,http://dashboard.appsee.com/Videos/External/5d659931727ce6169afac4bc,No,
27/08/2019 15:55,Android,00:01:19,1.27,6.0,5944,Anonymous,54,Lenovo PB2-650Y,Peru,"Lima, Lima",7,6,No,No,WiFi,http://dashboard.appsee.com/Videos/External/5d6598ce727ce6169cc08b8d,No,
27/08/2019 14:20,Android,00:00:24,1.27,9,3887,Anonymous,142,SM-A205G,Peru,"Trujillo, La Libertad",2,1,No,No,WiFi,http://dashboard.appsee.com/Videos/External/5d6582800126d017deb03a21,No,
27/08/2019 14:20,Android,00:00:02,1.27,9,3887,Anonymous,141,SM-A205G,Peru,"Trujillo, La Libertad",2,0,No,No,WiFi,http://dashboard.appsee.com/Videos/External/5d65827c0126d017e0a9248f,No,
27/08/2019 14:06,Android,00:00:39,1.27,7.0,5918,Anonymous,126,LG-M400,Peru,"Lima, Lima",3,1,No,No,WiFi,http://dashboard.appsee.com/Videos/External/5d657f369aa8fe152a7a38ef,No,
27/08/2019 13:45,Android,00:00:24,1.27,9,3887,Anonymous,140,SM-A205G,Peru,"Trujillo, La Libertad",3,1,No,No,WiFi,http://dashboard.appsee.com/Videos/External/5d657a5e4e7a3716caa64e56,No,
27/08/2019 13:38,Android,00:00:00,1.27,9,3887,Anonymous,139,SM-A205G,Peru,"Trujillo, La Libertad",1,0,No,No,WiFi,http://dashboard.appsee.com/Videos/External/5d6578b66bd19e301d3d8910,No,
27/08/2019 13:37,Android,00:00:26,1.27,9,3887,Anonymous,138,SM-A205G,Peru,"Trujillo, La Libertad",3,0,No,No,WiFi,http://dashboard.appsee.com/Videos/External/5d65786707c154167b137988,No,
27/08/2019 13:02,Android,00:00:58,1.27,9,3887,Anonymous,137,SM-A205G,Peru,"Trujillo, La Libertad",5,1,No,No,WiFi,http://dashboard.appsee.com/Videos/External/5d6570397f23e10e37b16776,No,
27/08/2019 12:55,Android,00:00:58,1.27,9,3887,Anonymous,136,SM-A205G,Peru,"Trujillo, La Libertad",3,0,No,No,WiFi,http://dashboard.appsee.com/Videos/External/5d656e75a90bb31907386f7b,No,
27/08/2019 12:40,Android,00:00:41,1.27,7.0,5918,Anonymous,125,LG-M400,Peru,"Chimbote, Ancash",1,0,No,No,WiFi,http://dashboard.appsee.com/Videos/External/5d656b1b1a7f3e181c27f453,No,
27/08/2019 12:40,Android,00:00:02,1.27,7.0,5918,Anonymous,124,LG-M400,Peru,"Chimbote, Ancash",2,1,No,No,WiFi,http://dashboard.appsee.com/Videos/External/5d656b18f3c98915b881a7c7,No,
27/08/2019 12:34,Android,00:00:54,1.27,9,3887,Anonymous,135,SM-A205G,Peru,"Trujillo, La Libertad",4,1,No,No,WiFi,http://dashboard.appsee.com/Videos/External/5d6569a2e9a29e0e5c5fa99f,No,
27/08/2019 12:33,Android,00:00:18,1.27,9,3887,Anonymous,134,SM-A205G,Peru,"Trujillo, La Libertad",4,2,No,No,WiFi,http://dashboard.appsee.com/Videos/External/5d65695d8a96ae18689f72eb,No,
27/08/2019 12:27,Android,00:02:49,1.27,9,809,Anonymous,2850,SM-J415G,Peru,"Chiclayo, Lambayeque",3,0,No,No,WiFi,http://dashboard.appsee.com/Videos/External/5d656802d2a2b716135bc6e4,No,
27/08/2019 11:38,Android,00:00:59,1.27,9,3887,Anonymous,133,SM-A205G,Peru,"Trujillo, La Libertad",3,0,No,No,WiFi,http://dashboard.appsee.com/Videos/External/5d655c92554ef815e3eeee86,No,
27/08/2019 11:35,Android,00:00:24,1.27,9,3887,Anonymous,132,SM-A205G,Peru,"Trujillo, La Libertad",1,0,No,No,WiFi,http://dashboard.appsee.com/Videos/External/5d655be68a96ae186c7984cb,No,
27/08/2019 11:31,Android,00:03:31,1.27,9,3887,Anonymous,131,SM-A205G,Peru,"Trujillo, La Libertad",7,2,No,No,WiFi,http://dashboard.appsee.com/Videos/External/5d655af65288d61a2c6f526e,No,
27/08/2019 11:23,Android,00:00:00,1.27,7.0,2430,Anonymous,111,SM-J701M,Peru,"Trujillo, La Libertad",1,0,No,No,WiFi,http://dashboard.appsee.com/Videos/External/5d6559176bd19e3021608620,No,
27/08/2019 11:20,Android,00:00:10,1.27,9,4403,Anonymous,35,SM-A705MN,Peru,"Tocache Nuevo, San Martin",3,0,No,No,WiFi,http://dashboard.appsee.com/Videos/External/5d65585c5288d61a2e8a7a97,No,
27/08/2019 11:20,Android,00:00:57,1.27,7.0,2430,Anonymous,110,SM-J701M,Peru,"Trujillo, La Libertad",2,0,No,No,WiFi,http://dashboard.appsee.com/Videos/External/5d65583373fc8015d0333154,No,
27/08/2019 11:19,Android,00:00:43,1.27,7.0,5918,Anonymous,123,LG-M400,Peru,"Chimbote, Ancash",4,3,No,No,WiFi,http://dashboard.appsee.com/Videos/External/5d65582d8a96ae18689ee4e4,No,
27/08/2019 10:48,Android,00:00,1.27,8.0.0,6115,Anonymous,69,moto E5 Plus,Peru,"Lima, Lima",1,0,No,No,WiFi,http://dashboard.appsee.com/Videos/External/5d6550e55288d61a3061b23e,No,
27/08/2019 10:46,Android,00:00:55,1.27,8.0.0,6115,Anonymous,68,moto E5 Plus,Peru,"Lima, Lima",3,1,No,No,WiFi,http://dashboard.appsee.com/Videos/External/5d65504007c154167eb7c6eb,No,
27/08/2019 10:18,Android,00:00:49,1.27,8.0.0,6115,Anonymous,67,moto E5 Plus,Peru,"Lima, Lima",1,0,No,No,WiFi,http://dashboard.appsee.com/Videos/External/5d6549d053926818c1e9e556,No,
27/08/2019 10:16,Android,00:00:02,1.27,8.0.0,6115,Anonymous,66,moto E5 Plus,Peru,"Lima, Lima",1,0,No,No,WiFi,http://dashboard.appsee.com/Videos/External/5d65494753926818bee9b3d7,No,
27/08/2019 10:16,Android,00:00:02,1.27,8.0.0,6115,Anonymous,65,moto E5 Plus,Peru,"Lima, Lima",1,0,No,No,WiFi,http://dashboard.appsee.com/Videos/External/5d65493b53926818c1e9e090,No,
27/08/2019 10:15,Android,00:00:48,1.27,8.0.0,6115,Anonymous,64,moto E5 Plus,Peru,"Lima, Lima",3,1,No,No,WiFi,http://dashboard.appsee.com/Videos/External/5d6549032e1a6c15834f09c6,No,
27/08/2019 9:51,Android,00:00,1.27,8.1.0,2429,Anonymous,641,SM-J260M,Peru,"Lima, Lima",1,0,No,No,WiFi,http://dashboard.appsee.com/Videos/External/5d654369727ce616a0a669e0,No,
27/08/2019 9:47,Android,00:00:53,1.27,8.1.0,2429,Anonymous,640,SM-J260M,Peru,"Lima, Lima",2,1,No,No,WiFi,http://dashboard.appsee.com/Videos/External/5d65429973fc8015d032645c,No,
27/08/2019 9:47,Android,00:00:02,1.27,8.1.0,2429,Anonymous,639,SM-J260M,Peru,"Lima, Lima",2,1,No,No,WiFi,http://dashboard.appsee.com/Videos/External/5d6542959aa8fe152cd66594,No,
27/08/2019 9:36,Android,00:02:21,1.27,9,346,Anonymous,1000,SM-A305G,Peru,"Lima, Lima",2,0,No,No,WiFi,http://dashboard.appsee.com/Videos/External/5d65400873fc8015d2ad6f53,No,
27/08/2019 9:26,Android,00:01:31,1.27,9,346,Anonymous,998,SM-A305G,Peru,"Lima, Lima",6,2,No,No,WiFi,http://dashboard.appsee.com/Videos/External/5d653d7b73fc8015d5607f11,No,
27/08/2019 9:25,Android,00:00:17,1.27,9,346,Anonymous,997,SM-A305G,Peru,"Lima, Lima",3,1,No,No,WiFi,http://dashboard.appsee.com/Videos/External/5d653d5473fc8015d03237fd,No,
07/08/2019 9:11,Android,00:01:18,1.27,9,269,Anonymous,224,SM-A105M,Peru,"Chepen, La Libertad",6,4,No,No,WiFi,http://dashboard.appsee.com/Videos/External/5d4adc1ee9a29e5b9876dc0b,No,
07/08/2019 9:05,Android,00:02:24,1.27,9,269,Anonymous,223,SM-A105M,Peru,"Chepen, La Libertad",5,2,No,No,WiFi,http://dashboard.appsee.com/Videos/External/5d4adaada40c4a157d5b163d,No,
07/08/2019 9:05,Android,00:00:02,1.27,9,269,Anonymous,222,SM-A105M,Peru,"Chepen, La Libertad",1,0,No,No,WiFi,http://dashboard.appsee.com/Videos/External/5d4adaa9e9a29e5b949f993d,No,
07/08/2019 6:55,Android,00:00:12,1.27,9,346,Anonymous,616,SM-A305G,Peru,"Lima, Lima",1,0,No,No,WiFi,http://dashboard.appsee.com/Videos/External/5d4abc37f0ce571699ca23ac,No,
07/08/2019 6:55,Android,00:00:02,1.27,9,346,Anonymous,615,SM-A305G,Peru,"Lima, Lima",2,0,No,No,WiFi,http://dashboard.appsee.com/Videos/External/5d4abc34a54bdb15a68ad40b,No,
07/08/2019 6:14,Android,00:01:50,1.27,9,346,Anonymous,614,SM-A305G,Peru,"Lima, Lima",8,4,No,No,WiFi,http://dashboard.appsee.com/Videos/External/5d4ab2855a6ba314cbba25be,No,
06/08/2019 23:08,Android,00:01:17,1.27,9,346,Anonymous,613,SM-A305G,Peru,"Lima, Lima",7,10,No,No,WiFi,http://dashboard.appsee.com/Videos/External/5d4a4ed2a40c4a157f0604a9,No,
06/08/2019 22:16,Android,00:00:48,1.27,9,346,Anonymous,612,SM-A305G,Peru,"Lima, Lima",6,10,No,No,WiFi,http://dashboard.appsee.com/Videos/External/5d4a42abe9a29e5b949aca0b,No,
06/08/2019 11:09,Android,00:02:08,1.27,9,346,Anonymous,604,SM-A305G,Peru,"Lima, Lima",13,26,No,No,WiFi,http://dashboard.appsee.com/Videos/External/5d49a6572129ab1507dd262f,No,
06/08/2019 9:52,Android,00:00:00,1.27,9,269,Anonymous,221,SM-A105M,Peru,"Chepen, La Libertad",1,0,No,No,WiFi,http://dashboard.appsee.com/Videos/External/5d499445ce266a5fce999738,No,
06/08/2019 9:41,Android,00:00:24,1.27,9,809,Anonymous,2518,SM-J415G,Peru,"Chiclayo, Lambayeque",3,0,No,No,WiFi,http://dashboard.appsee.com/Videos/External/5d49918d2129ab1509b0372c,No,
06/08/2019 9:06,Android,00:00:48,1.27,9,269,Anonymous,220,SM-A105M,Peru,"Chepen, La Libertad",2,0,No,No,WiFi,http://dashboard.appsee.com/Videos/External/5d49896eb38c061458aa8d1b,No,
06/08/2019 8:26,Android,00:00:31,1.27,9,269,Anonymous,219,SM-A105M,Peru,"Chepen, La Libertad",1,0,No,No,WiFi,http://dashboard.appsee.com/Videos/External/5d498022e5887315b7a54f07,No,
06/08/2019 8:22,Android,00:01:38,1.27,9,269,Anonymous,218,SM-A105M,Peru,"Chepen, La Libertad",1,0,No,No,WiFi,http://dashboard.appsee.com/Videos/External/5d497f30e5887315b99437e1,No,
06/08/2019 8:16,Android,00:01:24,1.27,9,269,Anonymous,217,SM-A105M,Peru,"Chepen, La Libertad",2,1,No,No,WiFi,http://dashboard.appsee.com/Videos/External/5d497db454bed31552d081d7,No,
06/08/2019 8:16,Android,00:00:02,1.27,9,269,Anonymous,216,SM-A105M,Peru,"Chepen, La Libertad",1,0,No,No,WiFi,http://dashboard.appsee.com/Videos/External/5d497db0e5887315bc5765ca,No,
06/08/2019 6:47,Android,00:00:21,1.27,9,809,Anonymous,2512,SM-J415G,Peru,"Chiclayo, Lambayeque",3,2,No,No,WiFi,http://dashboard.appsee.com/Videos/External/5d4968d496baa176ea6ad350,No,
06/08/2019 6:03,Android,00:00:19,1.27,9,809,Anonymous,2511,SM-J415G,Peru,"Chiclayo, Lambayeque",1,0,No,No,WiFi,http://dashboard.appsee.com/Videos/External/5d495e9db38c061458a91ddc,No,
06/08/2019 6:03,Android,00:00:06,1.27,9,809,Anonymous,2510,SM-J415G,Peru,"Chiclayo, Lambayeque",2,0,No,No,WiFi,http://dashboard.appsee.com/Videos/External/5d495e94c4fec0157feb8a98,No,
06/08/2019 5:05,Android,00:00:50,1.27,9,269,Anonymous,215,SM-A105M,Peru,"Trujillo, La Libertad",7,4,No,No,WiFi,http://dashboard.appsee.com/Videos/External/5d4950f4b38c061458a8a99c,No,
06/08/2019 3:59,Android,00:00:50,1.27,9,809,Anonymous,2509,SM-J415G,Peru,"Chiclayo, Lambayeque",2,1,No,No,WiFi,http://dashboard.appsee.com/Videos/External/5d49418596baa176eede8ebb,No,
06/08/2019 3:59,Android,00:00:02,1.27,9,809,Anonymous,2508,SM-J415G,Peru,"Chiclayo, Lambayeque",1,0,No,No,WiFi,http://dashboard.appsee.com/Videos/External/5d49417e1f122d5d76cf79e1,No,
06/08/2019 3:59,Android,00:00:01,1.27,9,809,Anonymous,2507,SM-J415G,Peru,"Chiclayo, Lambayeque",1,0,No,No,WiFi,http://dashboard.appsee.com/Videos/External/5d49417ab38c061452c2a724,No,
06/08/2019 3:59,Android,00:00:00,1.27,9,809,Anonymous,2506,SM-J415G,Peru,"Chiclayo, Lambayeque",1,0,No,No,WiFi,http://dashboard.appsee.com/Videos/External/5d494178ab9842156e7552e0,No,
06/08/2019 3:59,Android,00:00:03,1.27,9,809,Anonymous,2505,SM-J415G,Peru,"Chiclayo, Lambayeque",3,0,No,No,WiFi,http://dashboard.appsee.com/Videos/External/5d494170ce266a5fccb33b5d,No,
06/08/2019 0:32,Android,00:00,1.27,9,809,Anonymous,2504,SM-J415G,Peru,"Chiclayo, Lambayeque",1,0,No,No,WiFi,http://dashboard.appsee.com/Videos/External/5d4910fee9a29e5b98679062,No,
06/08/2019 0:32,Android,00:00,1.27,9,809,Anonymous,2503,SM-J415G,Peru,"Chiclayo, Lambayeque",1,0,No,No,WiFi,http://dashboard.appsee.com/Videos/External/5d4910d5e9a29e5b94905dac,No,
06/08/2019 0:19,Android,00:00:55,1.27,9,809,Anonymous,2502,SM-J415G,Peru,"Chiclayo, Lambayeque",4,1,No,No,WiFi,http://dashboard.appsee.com/Videos/External/5d490dd4f8e9a720bbf632ad,No,
06/08/2019 0:19,Android,00:00:02,1.27,9,809,Anonymous,2501,SM-J415G,Peru,"Chiclayo, Lambayeque",1,1,No,No,WiFi,http://dashboard.appsee.com/Videos/External/5d490dd04c3f3d3770fcf102,No,
05/08/2019 23:14,Android,00:01:04,1.27,9,809,Anonymous,2500,SM-J415G,Peru,"Chiclayo, Lambayeque",4,0,No,No,WiFi,http://dashboard.appsee.com/Videos/External/5d48fea14c3f3d3770fcf100,Yes,
05/08/2019 22:16,Android,00:01:00,1.27,9,809,Anonymous,2499,SM-J415G,Peru,"Chiclayo, Lambayeque",3,1,No,No,WiFi,http://dashboard.appsee.com/Videos/External/5d48f11a1f122d5d7882fda2,No,
05/08/2019 22:16,Android,00:00:04,1.27,9,809,Anonymous,2498,SM-J415G,Peru,"Chiclayo, Lambayeque",2,0,No,No,WiFi,http://dashboard.appsee.com/Videos/External/5d48f1131f122d5d7882fd75,No,
05/08/2019 21:57,Android,00:00:00,1.27,9,809,Anonymous,2497,SM-J415G,Peru,"Chiclayo, Lambayeque",1,0,No,No,WiFi,http://dashboard.appsee.com/Videos/External/5d48ecadce266a5fca0b67fc,No,
05/08/2019 21:53,Android,00:00:44,1.27,9,809,Anonymous,2496,SM-J415G,Peru,"Chiclayo, Lambayeque",3,1,No,No,WiFi,http://dashboard.appsee.com/Videos/External/5d48eb9196baa176ec444e8b,No,
05/08/2019 21:35,Android,00:00:12,1.27,9,809,Anonymous,2495,SM-J415G,Peru,"Chiclayo, Lambayeque",1,0,No,No,WiFi,http://dashboard.appsee.com/Videos/External/5d48e787ce266a5fc8566fd1,No,
05/08/2019 21:35,Android,00:00,1.27,9,809,Anonymous,2494,SM-J415G,Peru,"Chiclayo, Lambayeque",1,0,No,No,WiFi,http://dashboard.appsee.com/Videos/External/5d48e786ce266a5fce93f2af,No,
05/08/2019 21:28,Android,00:01:15,1.27,9,809,Anonymous,2493,SM-J415G,Peru,"Chiclayo, Lambayeque",3,0,No,No,WiFi,http://dashboard.appsee.com/Videos/External/5d48e5d096baa176eedb9ea9,No,
05/08/2019 21:15,Android,00:01:22,1.27,9,809,Anonymous,2492,SM-J415G,Peru,"Chiclayo, Lambayeque",5,2,No,No,WiFi,http://dashboard.appsee.com/Videos/External/5d48e2b64c3f3d376e031aa9,No,
05/08/2019 20:37,Android,00:00:12,1.27,9,809,Anonymous,2491,SM-J415G,Peru,"Chiclayo, Lambayeque",4,2,No,No,WiFi,http://dashboard.appsee.com/Videos/External/5d48d9cfce266a5fca0ab6cd,No,
05/08/2019 19:44,Android,00:00:01,1.27,9,809,Anonymous,2490,SM-J415G,Peru,"Chiclayo, Lambayeque",2,1,No,No,WiFi,http://dashboard.appsee.com/Videos/External/5d48cd67a70c1c0141a303e0,No,
05/08/2019 11:49,Android,00:00:43,1.27,9,1816,Anonymous,212,SM-G973F,Peru,"Pisco, Ica",5,1,No,No,WiFi,http://dashboard.appsee.com/Videos/External/5d485dffac887c17981e5f66,No,
05/08/2019 11:48,Android,00:00:02,1.27,9,1816,Anonymous,211,SM-G973F,Peru,"Pisco, Ica",1,0,No,No,WiFi,http://dashboard.appsee.com/Videos/External/5d485dfb1f122d5d787d7c9c,No,
05/08/2019 11:48,Android,00:00:02,1.27,9,1816,Anonymous,210,SM-G973F,Peru,"Pisco, Ica",2,0,No,No,WiFi,http://dashboard.appsee.com/Videos/External/5d485df5e9a29e5b9228cccb,No,
05/08/2019 11:29,Android,00:00:18,1.27,9,1816,Anonymous,209,SM-G973F,Peru,"Pisco, Ica",1,0,No,No,WiFi,http://dashboard.appsee.com/Videos/External/5d4859510aa96f1594301b7b,No,
05/08/2019 11:21,Android,00:00:15,1.27,9,1816,Anonymous,208,SM-G973F,Peru,"Pisco, Ica",1,0,No,No,WiFi,http://dashboard.appsee.com/Videos/External/5d48579d0aa96f1594300d17,No,
05/08/2019 11:17,Android,00:00:21,1.27,9,1816,Anonymous,207,SM-G973F,Peru,"Pisco, Ica",1,0,No,No,WiFi,http://dashboard.appsee.com/Videos/External/5d48568b1f122d5d76c7407f,No,
05/08/2019 11:17,Android,00:00:02,1.27,9,1816,Anonymous,206,SM-G973F,Peru,"Pisco, Ica",2,0,No,No,WiFi,http://dashboard.appsee.com/Videos/External/5d48568756916c75f9bd65a3,No,
05/08/2019 10:31,Android,00:00:03,1.27,9,269,Anonymous,214,SM-A105M,Peru,"Chepen, La Libertad",2,2,No,No,WiFi,http://dashboard.appsee.com/Videos/External/5d484bdbb88d2c1465917bdf,No,
05/08/2019 10:19,Android,00:00:15,1.27,7.0,2430,Anonymous,73,SM-J701M,Peru,"Trujillo, La Libertad",4,2,No,No,WiFi,http://dashboard.appsee.com/Videos/External/5d48491396baa176ea60ae3f,No,
05/08/2019 9:51,Android,00:00:35,1.27,9,269,Anonymous,213,SM-A105M,Peru,"Chepen, La Libertad",3,1,No,No,WiFi,http://dashboard.appsee.com/Videos/External/5d48425d96baa176eed58dae,No,
05/08/2019 8:17,Android,00:00:21,1.27,9,346,Anonymous,590,SM-A305G,Peru,"Lima, Lima",6,3,No,No,WiFi,http://dashboard.appsee.com/Videos/External/5d482c568772d314acf361d0,No,
05/08/2019 8:11,Android,00:00:01,1.27,9,346,Anonymous,589,SM-A305G,Peru,"Lima, Lima",1,0,No,No,WiFi,http://dashboard.appsee.com/Videos/External/5d482af28772d314b29a37de,No,
05/08/2019 8:08,Android,00:00:29,1.27,9,346,Anonymous,588,SM-A305G,Peru,"Lima, Lima",2,0,No,No,WiFi,http://dashboard.appsee.com/Videos/External/5d482a5a96baa1155e6c2d7e,No,
05/08/2019 7:53,Android,00:00:20,1.27,9,346,Anonymous,587,SM-A305G,Peru,"Lima, Lima",6,2,No,No,WiFi,http://dashboard.appsee.com/Videos/External/5d4826d0a70c1c15a4fa8af4,No,
04/08/2019 19:08,Android,00:00,1.27,8.1.0,4547,Anonymous,49,Moto G5 Plus,Peru,"Lima, Lima",1,0,No,No,WiFi,http://dashboard.appsee.com/Videos/External/5d47737c2f610315efd808ab,No,
04/08/2019 18:24,Android,00:00:10,1.27,9,1816,Anonymous,205,SM-G973F,Peru,"Yurimaguas, Loreto",3,0,No,No,WiFi,http://dashboard.appsee.com/Videos/External/5d47694b948a9214f12a8eb6,No,
04/08/2019 18:13,Android,00:00:24,1.27,9,1816,Anonymous,204,SM-G973F,Peru,"Yurimaguas, Loreto",3,1,No,No,WiFi,http://dashboard.appsee.com/Videos/External/5d47667ec72a4f16449685a3,No,
04/08/2019 17:38,Android,00:00:14,1.27,9,1816,Anonymous,203,SM-G973F,Peru,"Yurimaguas, Loreto",3,0,No,No,WiFi,http://dashboard.appsee.com/Videos/External/5d475e53948a9214f71431a5,No,
04/08/2019 12:17,Android,00:00:42,1.27,9,5175,Anonymous,8,SM-A205G,Peru,"Lima, Lima",3,0,No,No,WiFi,http://dashboard.appsee.com/Videos/External/5d471317e9a29e71c1e47281,No,
04/08/2019 10:41,Android,00:00:30,1.27,9,346,Anonymous,586,SM-A305G,Peru,"Lima, Lima",5,3,No,No,WiFi,http://dashboard.appsee.com/Videos/External/5d46fcae0fa9c514e8355aa6,No,
04/08/2019 8:19,Android,00:00:12,1.27,9,346,Anonymous,585,SM-A305G,Peru,"Lima, Lima",2,0,No,No,WiFi,http://dashboard.appsee.com/Videos/External/5d46db6ea77e3514a92eefeb,No,
04/08/2019 8:18,Android,00:00:15,1.27,9,346,Anonymous,584,SM-A305G,Peru,"Lima, Lima",2,0,No,No,WiFi,http://dashboard.appsee.com/Videos/External/5d46db2e7fbec514dd601933,No,
04/08/2019 7:46,Android,00:00:20,1.27,9,346,Anonymous,582,SM-A305G,Peru,"Lima, Lima",3,1,No,No,WiFi,http://dashboard.appsee.com/Videos/External/5d46d3ad0fa9c514e8341e27,No,
04/08/2019 7:26,Android,00:04:19,1.27,9,346,Anonymous,581,SM-A305G,Peru,"Lima, Lima",14,16,No,No,WiFi,http://dashboard.appsee.com/Videos/External/5d46cee0f83341154220dd00,No,
03/08/2019 22:51,Android,00:01:02,1.27,9,346,Anonymous,580,SM-A305G,Peru,"Lima, Lima",6,9,No,No,WiFi,http://dashboard.appsee.com/Videos/External/5d46563fe764c61471dffba2,No,
03/08/2019 22:36,Android,00:00:54,1.27,9,346,Anonymous,579,SM-A305G,Peru,"Lima, Lima",9,5,Yes,No,WiFi,http://dashboard.appsee.com/Videos/External/5d4652abe764c6146f3d8eb9,No,
03/08/2019 22:25,Android,00:00:03,1.27,9,346,Anonymous,578,SM-A305G,Peru,"Lima, Lima",1,0,No,No,WiFi,http://dashboard.appsee.com/Videos/External/5d46502b7d932f15708cde98,No,
03/08/2019 22:18,Android,00:00:27,1.27,9,346,Anonymous,577,SM-A305G,Peru,"Lima, Lima",4,0,No,No,Cellular,http://dashboard.appsee.com/Videos/External/5d464e747d932f15708cde96,Yes,
03/08/2019 22:02,Android,00:00:31,1.27,9,346,Anonymous,576,SM-A305G,Peru,"Lima, Lima",4,2,No,No,WiFi,http://dashboard.appsee.com/Videos/External/5d464ad9e764c614762d14e7,No,
03/08/2019 21:54,Android,00:00:13,1.27,9,346,Anonymous,575,SM-A305G,Peru,"Lima, Lima",3,0,No,No,WiFi,http://dashboard.appsee.com/Videos/External/5d4648e0e764c6146f3d35f5,No,
03/08/2019 21:52,Android,00:00:07,1.27,9,346,Anonymous,574,SM-A305G,Peru,"Lima, Lima",3,1,No,No,WiFi,http://dashboard.appsee.com/Videos/External/5d464888e764c614762cff45,No,
03/08/2019 21:47,Android,00:00:33,1.27,9,346,Anonymous,573,SM-A305G,Peru,"Lima, Lima",3,0,No,No,WiFi,http://dashboard.appsee.com/Videos/External/5d464724e764c61471df78c3,No,
03/08/2019 21:46,Android,00:00:37,1.27,9,346,Anonymous,572,SM-A305G,Peru,"Lima, Lima",2,0,No,No,WiFi,http://dashboard.appsee.com/Videos/External/5d4646e82ad93c15cb99d1f5,No,
03/08/2019 21:45,Android,00:00:02,1.27,9,346,Anonymous,571,SM-A305G,Peru,"Lima, Lima",2,0,No,No,WiFi,http://dashboard.appsee.com/Videos/External/5d4646e46eb0bd14b4bfdfa3,No,
03/08/2019 15:46,Android,00:00:03,1.27,7.0,2869,Anonymous,142,F3213,Peru,"Arequipa, Arequipa",1,0,No,No,WiFi,http://dashboard.appsee.com/Videos/External/5d45f2949ceb9d15b9e878fb,No,
03/08/2019 15:45,Android,00:00:24,1.27,7.0,2869,Anonymous,141,F3213,Peru,"Arequipa, Arequipa",1,0,No,No,WiFi,http://dashboard.appsee.com/Videos/External/5d45f278764808158fc84adc,No,
03/08/2019 15:45,Android,00:00:02,1.27,7.0,2869,Anonymous,140,F3213,Peru,"Arequipa, Arequipa",2,0,No,No,WiFi,http://dashboard.appsee.com/Videos/External/5d45f2747648081591108850,No,
03/08/2019 15:22,Android,00:00:02,1.27,7.0,2869,Anonymous,139,F3213,Peru,"Arequipa, Arequipa",1,0,No,No,WiFi,http://dashboard.appsee.com/Videos/External/5d45ecfe70003915ea98e9bb,No,
03/08/2019 15:21,Android,00:00:35,1.27,7.0,2869,Anonymous,138,F3213,Peru,"Arequipa, Arequipa",5,1,No,No,WiFi,http://dashboard.appsee.com/Videos/External/5d45ecd570003915e8979ffa,No,
03/08/2019 12:17,Android,00:00:06,1.27,8.0.0,1199,Anonymous,36,ANE-LX3,Peru,"Lima, Lima",3,1,No,No,WiFi,http://dashboard.appsee.com/Videos/External/5d45c19fa8899315b5fbe8aa,No,
03/08/2019 12:05,Android,00:02:44,1.27,8.1.0,4547,Anonymous,48,Moto G5 Plus,Peru,"Lima, Lima",7,7,No,No,WiFi,http://dashboard.appsee.com/Videos/External/5d45bec07d932f156ddd925b,No,
03/08/2019 12:04,Android,00:00:04,1.27,8.1.0,4547,Anonymous,47,Moto G5 Plus,Peru,"Lima, Lima",1,0,No,No,WiFi,http://dashboard.appsee.com/Videos/External/5d45be9d7d932f1570879045,No,
03/08/2019 12:00,Android,00:00:02,1.27,8.1.0,4547,Anonymous,46,Moto G5 Plus,Peru,"Lima, Lima",3,0,No,No,WiFi,http://dashboard.appsee.com/Videos/External/5d45bdac76480815910ed4cd,No,
03/08/2019 11:46,Android,00:01:22,1.27,9,3887,Anonymous,83,SM-A205G,Peru,"Sullana, Piura",3,0,No,No,WiFi,http://dashboard.appsee.com/Videos/External/5d45ba4ae474fd14ebb7b9ec,No,
03/08/2019 10:37,Android,00:00:17,1.27,9,3887,Anonymous,82,SM-A205G,Peru,"Sullana, Piura",5,1,No,No,WiFi,http://dashboard.appsee.com/Videos/External/5d45aa42a8899315bce4566e,No,
03/08/2019 10:33,Android,00:00:36,1.27,9,809,Anonymous,2465,SM-J415G,Peru,"Chiclayo, Lambayeque",2,1,No,No,WiFi,http://dashboard.appsee.com/Videos/External/5d45a95fa77e3514a924bfe7,No,
03/08/2019 10:33,Android,00:00:02,1.27,9,809,Anonymous,2464,SM-J415G,Peru,"Chiclayo, Lambayeque",2,0,No,No,WiFi,http://dashboard.appsee.com/Videos/External/5d45a95a66593715aa86a462,No,
03/08/2019 10:22,Android,00:01:04,1.27,9,3887,Anonymous,81,SM-A205G,Peru,"Sullana, Piura",9,3,No,No,WiFi,http://dashboard.appsee.com/Videos/External/5d45a6bd2024d21577fec363,No,
03/08/2019 10:07,Android,00:00:42,1.27,9,3887,Anonymous,80,SM-A205G,Peru,"Sullana, Piura",3,0,No,No,WiFi,http://dashboard.appsee.com/Videos/External/5d45a3394fe85814eafcb799,No,
03/08/2019 9:32,Android,00:00:14,1.27,9,809,Anonymous,2463,SM-J415G,Peru,"Chiclayo, Lambayeque",1,2,No,No,WiFi,http://dashboard.appsee.com/Videos/External/5d459af8e9a29e71c3020390,No,
03/08/2019 9:32,Android,00:00:02,1.27,9,809,Anonymous,2462,SM-J415G,Peru,"Chiclayo, Lambayeque",2,0,No,No,WiFi,http://dashboard.appsee.com/Videos/External/5d459af4e9a29e71bd7dea4f,No,
03/08/2019 9:30,Android,00:00:27,1.27,9,809,Anonymous,2461,SM-J415G,Peru,"Chiclayo, Lambayeque",2,2,No,No,WiFi,http://dashboard.appsee.com/Videos/External/5d459a74e9a29e71bd7de587,No,
03/08/2019 9:28,Android,00:00:55,1.27,9,809,Anonymous,2460,SM-J415G,Peru,"Chiclayo, Lambayeque",3,1,No,No,WiFi,http://dashboard.appsee.com/Videos/External/5d4599fc4aca4f14face1cf9,No,
03/08/2019 9:28,Android,00:00,1.27,9,809,Anonymous,2459,SM-J415G,Peru,"Chiclayo, Lambayeque",1,0,No,No,WiFi,http://dashboard.appsee.com/Videos/External/5d4599fb8b7cd714cca43f90,No,
03/08/2019 9:11,Android,00:00:45,1.27,8.0.0,5195,Anonymous,3,moto E5 Plus,Peru,"Huaraz, Ancash",1,1,No,No,WiFi,http://dashboard.appsee.com/Videos/External/5d459624e764c6146f36ec26,No,
03/08/2019 9:09,Android,00:01:41,1.27,8.0.0,5195,Anonymous,2,moto E5 Plus,Peru,"Huaraz, Ancash",4,8,No,No,WiFi,http://dashboard.appsee.com/Videos/External/5d459585e764c6146f36e71d,No,
03/08/2019 9:07,Android,00:00:27,1.27,8.0.0,5195,Anonymous,1,moto E5 Plus,Peru,"Huaraz, Ancash",2,0,No,No,WiFi,http://dashboard.appsee.com/Videos/External/5d45953ce9a29e71c301d4aa,No,
03/08/2019 8:10,Android,00:00:01,1.27,9,809,Anonymous,2458,SM-J415G,Peru,"Chiclayo, Lambayeque",1,1,No,No,WiFi,http://dashboard.appsee.com/Videos/External/5d4587c38b7cd714cf05e02c,No,
03/08/2019 8:01,Android,00:01:22,1.27,9,809,Anonymous,2457,SM-J415G,Peru,"Chiclayo, Lambayeque",3,1,No,No,WiFi,http://dashboard.appsee.com/Videos/External/5d45859f8b7cd714cca39b58,No,
03/08/2019 8:01,Android,00:00:04,1.27,9,809,Anonymous,2456,SM-J415G,Peru,"Chiclayo, Lambayeque",2,0,No,No,WiFi,http://dashboard.appsee.com/Videos/External/5d4585988b7cd714ca703354,No,
03/08/2019 8:00,Android,00:00:07,1.27,9,809,Anonymous,2455,SM-J415G,Peru,"Chiclayo, Lambayeque",1,2,No,No,WiFi,http://dashboard.appsee.com/Videos/External/5d45858b8b7cd714ca7032e8,No,
03/08/2019 8:00,Android,00:00:02,1.27,9,809,Anonymous,2454,SM-J415G,Peru,"Chiclayo, Lambayeque",2,0,No,No,WiFi,http://dashboard.appsee.com/Videos/External/5d45858766593715b0806200,No,
03/08/2019 5:15,Android,00:02:07,1.27,9,809,Anonymous,2453,SM-J415G,Peru,"Chiclayo, Lambayeque",4,1,No,No,WiFi,http://dashboard.appsee.com/Videos/External/5d455eb7e474fd14ed5b6bae,No,
03/08/2019 2:59,Android,00:00:11,1.27,9,5175,Anonymous,7,SM-A205G,Peru,"Lima, Lima",1,0,No,No,WiFi,http://dashboard.appsee.com/Videos/External/5d453eca4fe85814e8ee619d,No,
03/08/2019 2:28,Android,00:00:45,1.27,9,809,Anonymous,2452,SM-J415G,Peru,"Chiclayo, Lambayeque",5,1,No,No,WiFi,http://dashboard.appsee.com/Videos/External/5d4537a04fe85814ec599f8e,No,
03/08/2019 2:28,Android,00:00,1.27,9,809,Anonymous,2451,SM-J415G,Peru,"Chiclayo, Lambayeque",1,0,No,No,WiFi,http://dashboard.appsee.com/Videos/External/5d45379b0fac9b15accd1b25,No,
03/08/2019 1:16,Android,00:00:32,1.27,9,5175,Anonymous,6,SM-A205G,Peru,"Lima, Lima",1,0,No,No,No Connectivity,http://dashboard.appsee.com/Videos/External/5d4526b44fe85814e8ee6199,Yes,
03/08/2019 0:33,Android,00:02:11,1.27,9,809,Anonymous,2450,SM-J415G,Peru,"Chiclayo, Lambayeque",5,3,No,No,WiFi,http://dashboard.appsee.com/Videos/External/5d451cb1a8899315b715f953,No,
03/08/2019 0:33,Android,00:00:02,1.27,9,809,Anonymous,2449,SM-J415G,Peru,"Chiclayo, Lambayeque",1,0,No,No,WiFi,http://dashboard.appsee.com/Videos/External/5d451cabe9a29e71bd7a14c3,No,
03/08/2019 0:33,Android,00:00,1.27,9,809,Anonymous,2448,SM-J415G,Peru,"Chiclayo, Lambayeque",1,0,No,No,WiFi,http://dashboard.appsee.com/Videos/External/5d451ca8484b3715746a2a3d,No,
03/08/2019 0:00,Android,00:00:20,1.27,9,809,Anonymous,2447,SM-J415G,Peru,"Chiclayo, Lambayeque",5,2,No,No,WiFi,http://dashboard.appsee.com/Videos/External/5d451501484b37156b36c028,No,
02/08/2019 23:44,Android,00:01:42,1.27,9,809,Anonymous,2446,SM-J415G,Peru,"Chiclayo, Lambayeque",4,0,No,No,WiFi,http://dashboard.appsee.com/Videos/External/5d451123e9a29e71c1d413d3,No,
02/08/2019 23:07,Android,00:03:21,1.27,9,809,Anonymous,2445,SM-J415G,Peru,"Chiclayo, Lambayeque",11,5,No,No,WiFi,http://dashboard.appsee.com/Videos/External/5d45087a484b37156b365361,No,
02/08/2019 23:04,Android,00:02:47,1.27,9,809,Anonymous,2444,SM-J415G,Peru,"Chiclayo, Lambayeque",9,4,No,No,WiFi,http://dashboard.appsee.com/Videos/External/5d4507cb4fe85814f06b9288,No,
02/08/2019 22:37,Android,00:00:01,1.27,9,5175,Anonymous,5,SM-A205G,Peru,"Lima, Lima",2,0,No,No,WiFi,http://dashboard.appsee.com/Videos/External/5d450190e9a29e71bd79319e,No,
02/08/2019 22:20,Android,00:00:23,1.27,9,809,Anonymous,2443,SM-J415G,Peru,"Chiclayo, Lambayeque",2,2,No,No,WiFi,http://dashboard.appsee.com/Videos/External/5d44fd8de764c6147621fbb4,No,
02/08/2019 22:17,Android,00:01:17,1.27,9,5175,Anonymous,4,SM-A205G,Peru,"Lima, Lima",12,6,No,No,WiFi,http://dashboard.appsee.com/Videos/External/5d44fcbe484b371571a88578,No,
02/08/2019 22:15,Android,00:02:06,1.27,9,5175,Anonymous,3,SM-A205G,Peru,"Lima, Lima",5,4,No,No,WiFi,http://dashboard.appsee.com/Videos/External/5d44fc39484b37156d506e8f,No,
02/08/2019 22:14,Android,00:00:20,1.27,9,5175,Anonymous,2,SM-A205G,Peru,"Lima, Lima",1,2,No,No,WiFi,http://dashboard.appsee.com/Videos/External/5d44fc22e764c6146f322145,No,
02/08/2019 22:14,Android,00:00:02,1.27,9,5175,Anonymous,1,SM-A205G,Peru,"Lima, Lima",2,2,No,No,WiFi,http://dashboard.appsee.com/Videos/External/5d44fc1f1616e415b3c4c500,No,
02/08/2019 17:25,Android,00:01:23,1.27,5.1.1,2110,Anonymous,528,Samsung Galaxy J5,Peru,"Huancayo, Junin",3,2,No,No,WiFi,http://dashboard.appsee.com/Videos/External/5d44b871dad7b6154cc8fd0c,No,
02/08/2019 17:23,Android,00:02:08,1.27,5.1.1,2110,Anonymous,527,Samsung Galaxy J5,Peru,"Huancayo, Junin",7,4,No,No,WiFi,http://dashboard.appsee.com/Videos/External/5d44b7ebdad7b6154af73378,No,
02/08/2019 17:21,Android,00:02:05,1.27,5.1.1,2110,Anonymous,526,Samsung Galaxy J5,Peru,"Huancayo, Junin",6,3,No,No,WiFi,http://dashboard.appsee.com/Videos/External/5d44b76adad7b615480eb390,No,
02/08/2019 16:51,Android,00:00,1.27,5.1.1,2110,Anonymous,525,Samsung Galaxy J5,Peru,"Huancayo, Junin",1,0,No,No,WiFi,http://dashboard.appsee.com/Videos/External/5d44b05cdad7b6154f7b3035,No,
02/08/2019 16:42,Android,00:01:54,1.27,5.1.1,2110,Anonymous,524,Samsung Galaxy J5,Peru,"Huancayo, Junin",6,2,No,No,WiFi,http://dashboard.appsee.com/Videos/External/5d44ae48dad7b6154af6d91c,No,
02/08/2019 12:08,Android,00:00:37,1.27,5.1.1,2110,Anonymous,520,Samsung Galaxy J5,Peru,"Huancayo, Junin",1,0,No,No,WiFi,http://dashboard.appsee.com/Videos/External/5d446e0b19dc0015a9f1fdf0,No,
02/08/2019 12:08,Android,00:00:02,1.27,5.1.1,2110,Anonymous,519,Samsung Galaxy J5,Peru,"Huancayo, Junin",2,0,No,No,WiFi,http://dashboard.appsee.com/Videos/External/5d446e064fe85814eaf1f1a0,No,
02/08/2019 12:00,Android,00:00:24,1.27,7.1.1,4854,Anonymous,27,Moto E4 Plus,Peru,"Lima, Lima",4,4,No,No,WiFi,http://dashboard.appsee.com/Videos/External/5d446c390fac9b15ae89ce66,No,
02/08/2019 10:43,Android,00:01:29,1.27,8.1.0,5133,Anonymous,1,Moto E5 Play,Peru,"Lima, Lima",4,9,No,No,WiFi,http://dashboard.appsee.com/Videos/External/5d445a2f36fc3114a22c8e55,No,
02/08/2019 7:40,Android,00:00:46,1.27,9,3887,Anonymous,79,SM-A205G,Peru,"Trujillo, La Libertad",6,3,No,No,WiFi,http://dashboard.appsee.com/Videos/External/5d442f430670a40a5d695b24,No,
01/08/2019 20:47,Android,00:00:22,1.27,9,655,Anonymous,371,SM-A750G,Peru,"Huaral, Lima",3,3,No,No,WiFi,http://dashboard.appsee.com/Videos/External/5d43964f0c596414ccb56ae3,No,
01/08/2019 20:14,Android,00:00:11,1.27,9,346,Anonymous,539,SM-A305G,Peru,"Huancayo, Junin",3,0,No,No,WiFi,http://dashboard.appsee.com/Videos/External/5d438e5ce9a29e71bf5d3fe3,No,
01/08/2019 19:01,Android,00:00:07,1.27,7.1.1,4854,Anonymous,23,Moto E4 Plus,Peru,"Lima, Lima",1,0,No,No,WiFi,http://dashboard.appsee.com/Videos/External/5d437d6cf896db24122ef2e4,No,
01/08/2019 19:01,Android,00:00:02,1.27,7.1.1,4854,Anonymous,22,Moto E4 Plus,Peru,"Lima, Lima",2,0,No,No,WiFi,http://dashboard.appsee.com/Videos/External/5d437d670670a40a5d634e35,No,
01/08/2019 12:31,Android,00:00:02,1.27,9,809,Anonymous,2423,SM-J415G,Peru,"Chiclayo, Lambayeque",3,2,No,No,WiFi,http://dashboard.appsee.com/Videos/External/5d4321efa231ff15a51441e7,No,
01/08/2019 12:30,Android,00:00:33,1.27,9,809,Anonymous,2422,SM-J415G,Peru,"Chiclayo, Lambayeque",3,1,No,No,WiFi,http://dashboard.appsee.com/Videos/External/5d4321aa1616e415b18c59ab,No,
01/08/2019 8:45,Android,00:01:16,1.27,9,3126,Anonymous,23,SM-A505G,Peru,"Trujillo, La Libertad",3,0,No,No,WiFi,http://dashboard.appsee.com/Videos/External/5d42ecffc16afd148ec423b8,No,
01/08/2019 8:28,Android,00:02:56,1.27,9,346,Anonymous,528,SM-A305G,Peru,"Huancayo, Junin",11,7,No,No,WiFi,http://dashboard.appsee.com/Videos/External/5d42e8e9a231ff15a259317d,No,
01/08/2019 8:17,Android,00:04:43,1.27,9,346,Anonymous,527,SM-A305G,Peru,"Huancayo, Junin",31,40,No,No,WiFi,http://dashboard.appsee.com/Videos/External/5d42e6801b7d7d4fdb05653c,No,
01/08/2019 7:44,Android,00:01:48,1.27,9,346,Anonymous,526,SM-A305G,Peru,"Huancayo, Junin",10,4,No,No,WiFi,http://dashboard.appsee.com/Videos/External/5d42dec8c16afd148a40c7ad,No,
01/08/2019 7:38,Android,00:00:10,1.27,9,3887,Anonymous,78,SM-A205G,Peru,"Trujillo, La Libertad",3,0,No,No,WiFi,http://dashboard.appsee.com/Videos/External/5d42dd3e916c01154ee7c3e4,No,
01/08/2019 7:37,Android,00:00:30,1.27,9,3887,Anonymous,77,SM-A205G,Peru,"Trujillo, La Libertad",5,2,No,No,WiFi,http://dashboard.appsee.com/Videos/External/5d42dd1c3ff1451481b4a482,No,
01/08/2019 6:30,Android,00:00:03,1.27,9,809,Anonymous,2416,SM-J415G,Peru,"Chiclayo, Lambayeque",1,0,No,No,WiFi,http://dashboard.appsee.com/Videos/External/5d42cd4f3ff1451485304971,No,
01/08/2019 6:29,Android,00:00:38,1.27,9,809,Anonymous,2415,SM-J415G,Peru,"Chiclayo, Lambayeque",2,0,No,No,WiFi,http://dashboard.appsee.com/Videos/External/5d42cd21e9a29e71bf567f19,No,
01/08/2019 6:07,Android,00:07:09,1.27,9,346,Anonymous,525,SM-A305G,Peru,"Huancayo, Junin",18,19,No,No,WiFi,http://dashboard.appsee.com/Videos/External/5d42c7f3c16afd148cd81327,No,
01/08/2019 6:06,Android,00:00:26,1.27,9,346,Anonymous,524,SM-A305G,Peru,"Huancayo, Junin",4,4,No,No,WiFi,http://dashboard.appsee.com/Videos/External/5d42c7bf81a22814b86a2d2c,No,
01/08/2019 5:13,Android,00:00:32,1.27,9,809,Anonymous,2414,SM-J415G,Peru,"Chiclayo, Lambayeque",3,0,No,No,WiFi,http://dashboard.appsee.com/Videos/External/5d42bb600670a40a61fe1b9b,No,
01/08/2019 4:09,Android,00:00:16,1.27,9,346,Anonymous,523,SM-A305G,Peru,"Huancayo, Junin",3,1,No,No,WiFi,http://dashboard.appsee.com/Videos/External/5d42ac4f1b7d7d4fdb039be7,No,
01/08/2019 0:53,Android,00:01:00,1.27,9,809,Anonymous,2413,SM-J415G,Peru,"Chiclayo, Lambayeque",3,1,No,No,WiFi,http://dashboard.appsee.com/Videos/External/5d427e5d0670a40a5f911f6b,No,
31/07/2019 23:01,Android,00:00:37,1.27,9,809,Anonymous,2412,SM-J415G,Peru,"Chiclayo, Lambayeque",3,1,No,No,WiFi,http://dashboard.appsee.com/Videos/External/5d42641f0670a40a63cdd77c,No,
31/07/2019 22:07,Android,00:00:12,1.27,9,346,Anonymous,522,SM-A305G,Peru,"Huancayo, Junin",2,0,No,No,WiFi,http://dashboard.appsee.com/Videos/External/5d425784a7685614eb9a72ec,No,
31/07/2019 21:56,Android,00:00:46,1.27,9,809,Anonymous,2411,SM-J415G,Peru,"Chiclayo, Lambayeque",3,0,No,No,WiFi,http://dashboard.appsee.com/Videos/External/5d4254c6e4963e15a467a8ee,No,
31/07/2019 21:46,Android,00:00:01,1.27,9,346,Anonymous,520,SM-A305G,Peru,"Huancayo, Junin",1,0,No,No,WiFi,http://dashboard.appsee.com/Videos/External/5d425279e4963e15a7134c68,No,
31/07/2019 21:46,Android,00:00,1.27,9,346,Anonymous,519,SM-A305G,Peru,"Huancayo, Junin",1,0,No,No,WiFi,http://dashboard.appsee.com/Videos/External/5d425275e4963e15a2b2e8af,No,
31/07/2019 21:26,Android,00:02:03,1.27,9,346,Anonymous,517,SM-A305G,Peru,"Huancayo, Junin",7,14,No,No,WiFi,http://dashboard.appsee.com/Videos/External/5d424ddce4963e15a9bcc26c,No,
31/07/2019 21:26,Android,00:00:34,1.27,9,346,Anonymous,516,SM-A305G,Peru,"Huancayo, Junin",2,4,No,No,WiFi,http://dashboard.appsee.com/Videos/External/5d424db8e4963e15a7132001,No,
31/07/2019 21:22,Android,00:03:12,1.27,9,346,Anonymous,515,SM-A305G,Peru,"Huancayo, Junin",11,5,No,No,WiFi,http://dashboard.appsee.com/Videos/External/5d424ce1e4963e15a2b2b455,No,
31/07/2019 21:20,Android,00:01:17,1.27,9,346,Anonymous,514,SM-A305G,Peru,"Huancayo, Junin",4,2,No,No,WiFi,http://dashboard.appsee.com/Videos/External/5d424c57e4963e15a46757f8,No,
31/07/2019 21:13,Android,00:01:02,1.27,9,346,Anonymous,511,SM-A305G,Peru,"Huancayo, Junin",3,1,No,No,WiFi,http://dashboard.appsee.com/Videos/External/5d424accf896db2410cb6fc0,No,
31/07/2019 18:13,Android,00:00:38,1.27,9,3887,Anonymous,76,SM-A205G,Peru,"Trujillo, La Libertad",4,2,No,No,WiFi,http://dashboard.appsee.com/Videos/External/5d4220b4724de1155a5015cb,No,
31/07/2019 18:13,Android,00:00:04,1.27,9,3887,Anonymous,75,SM-A205G,Peru,"Trujillo, La Libertad",2,0,No,No,WiFi,http://dashboard.appsee.com/Videos/External/5d4220aee9a29e71c3e3e4a5,No,
31/07/2019 18:13,Android,00:00:02,1.27,9,3887,Anonymous,74,SM-A205G,Peru,"Trujillo, La Libertad",2,0,No,No,WiFi,http://dashboard.appsee.com/Videos/External/5d4220aa1b7d7d4fd5f779f2,No,
31/07/2019 9:59,Android,00:00:18,1.27,9,3887,Anonymous,73,SM-A205G,Peru,"Trujillo, La Libertad",3,0,No,No,WiFi,http://dashboard.appsee.com/Videos/External/5d41acbae9a29e71bd5bd945,No,
31/07/2019 0:30,Android,00:00:36,1.27,9,809,Anonymous,2407,SM-J415G,Peru,"Chiclayo, Lambayeque",4,2,No,No,WiFi,http://dashboard.appsee.com/Videos/External/5d41279343fcd714f19a18cb,No,
30/07/2019 20:00,Android,00:00:18,1.27,9,346,Anonymous,493,SM-A305G,Peru,"Huancayo, Junin",2,1,No,No,WiFi,http://dashboard.appsee.com/Videos/External/5d40e8400670a41887efb71d,No,
30/07/2019 20:00,Android,00:00:02,1.27,9,346,Anonymous,492,SM-A305G,Peru,"Huancayo, Junin",2,0,No,No,WiFi,http://dashboard.appsee.com/Videos/External/5d40e83d016fe4154954a4ae,No,
30/07/2019 18:17,Android,00:10:07,1.27,9,346,Anonymous,491,SM-A305G,Peru,"Huancayo, Junin",2,1,No,No,WiFi,http://dashboard.appsee.com/Videos/External/5d40cfff2ca4be15c6b80418,No,
30/07/2019 18:17,Android,00:00:02,1.27,9,346,Anonymous,490,SM-A305G,Peru,"Huancayo, Junin",2,0,No,No,WiFi,http://dashboard.appsee.com/Videos/External/5d40cffb016fe4154953980d,No,
30/07/2019 17:53,Android,00:01:28,1.27,9,3887,Anonymous,72,SM-A205G,Peru,"Piura, Piura",4,1,No,No,WiFi,http://dashboard.appsee.com/Videos/External/5d40ca840670a41887ee736a,No,
30/07/2019 17:46,Android,00:00:30,1.27,9,3887,Anonymous,71,SM-A205G,Peru,"Piura, Piura",3,0,No,No,WiFi,http://dashboard.appsee.com/Videos/External/5d40c8afe9a29e70017589d1,No,
30/07/2019 17:39,Android,00:00:58,1.27,9,3887,Anonymous,70,SM-A205G,Peru,"Piura, Piura",3,0,No,No,WiFi,http://dashboard.appsee.com/Videos/External/5d40c723341f3614b66c1617,No,
30/07/2019 17:28,Android,00:00:13,1.27,9,3887,Anonymous,69,SM-A205G,Peru,"Piura, Piura",3,0,No,No,WiFi,http://dashboard.appsee.com/Videos/External/5d40c498341f3614b41c9e16,No,
30/07/2019 17:20,Android,00:01:09,1.27,9,3887,Anonymous,68,SM-A205G,Peru,"Piura, Piura",3,0,No,No,WiFi,http://dashboard.appsee.com/Videos/External/5d40c297a1d19a14fcbf19ff,No,
30/07/2019 17:08,Android,00:00:12,1.27,9,3887,Anonymous,67,SM-A205G,Peru,"Piura, Piura",3,0,No,No,WiFi,http://dashboard.appsee.com/Videos/External/5d40bfd3e9a29e6ffd532eb7,No,
30/07/2019 17:05,Android,00:00:24,1.27,9,3887,Anonymous,66,SM-A205G,Peru,"Piura, Piura",3,0,No,No,WiFi,http://dashboard.appsee.com/Videos/External/5d40bf34341f3614b66bc48e,No,
30/07/2019 16:52,Android,00:00:19,1.27,9,3887,Anonymous,65,SM-A205G,Peru,"Piura, Piura",3,0,No,No,WiFi,http://dashboard.appsee.com/Videos/External/5d40bc08341f3614b66ba51c,No,
30/07/2019 16:12,Android,00:01:15,1.27,9,3887,Anonymous,64,SM-A205G,Peru,"Piura, Piura",5,2,No,No,WiFi,http://dashboard.appsee.com/Videos/External/5d40b2cfa1d19a15003fc883,No,
30/07/2019 16:12,Android,00:00:02,1.27,9,3887,Anonymous,63,SM-A205G,Peru,"Piura, Piura",1,0,No,No,WiFi,http://dashboard.appsee.com/Videos/External/5d40b2cb1b7d7d158cdcffa3,No,
30/07/2019 10:24,Android,00:01:12,1.27,9,269,Anonymous,212,SM-A105M,Peru,"Trujillo, La Libertad",4,2,No,No,WiFi,http://dashboard.appsee.com/Videos/External/5d40611e016fe415494f8e59,No,
30/07/2019 8:42,Android,00:00:15,1.27,9,346,Anonymous,482,SM-A305G,Peru,"Huancayo, Junin",3,1,No,No,WiFi,http://dashboard.appsee.com/Videos/External/5d404963341f3614b81750b7,No,
30/07/2019 8:35,Android,00:00:02,1.27,9,269,Anonymous,211,SM-A105M,Peru,"Trujillo, La Libertad",2,1,No,No,WiFi,http://dashboard.appsee.com/Videos/External/5d4047ae341f3614b8174124,No,
30/07/2019 7:11,Android,00:06:01,1.27,9,346,Anonymous,481,SM-A305G,Peru,"Huancayo, Junin",30,54,No,No,WiFi,http://dashboard.appsee.com/Videos/External/5d4033e3ac778c14bb6eef6d,No,
30/07/2019 7:07,Android,00:02:13,1.27,9,346,Anonymous,478,SM-A305G,Peru,"Huancayo, Junin",3,6,No,No,WiFi,http://dashboard.appsee.com/Videos/External/5d4032eef1e5d8148852106b,No,
30/07/2019 3:43,Android,00:00:01,1.27,9,809,Anonymous,2399,SM-J415G,Peru,"Chiclayo, Lambayeque",1,0,No,No,WiFi,http://dashboard.appsee.com/Videos/External/5d4003407f9fb61653b51137,No,
30/07/2019 3:41,Android,00:01:16,1.27,9,809,Anonymous,2398,SM-J415G,Peru,"Chiclayo, Lambayeque",3,0,No,No,WiFi,http://dashboard.appsee.com/Videos/External/5d4002cea45dfd148727ba4a,No,
29/07/2019 23:17,Android,00:00:03,1.27,9,809,Anonymous,2397,SM-J415G,Peru,"Chiclayo, Lambayeque",2,2,No,No,WiFi,http://dashboard.appsee.com/Videos/External/5d3fc4d8fae64e15a683af1b,No,
29/07/2019 23:06,Android,00:01:10,1.27,9,809,Anonymous,2396,SM-J415G,Peru,"Chiclayo, Lambayeque",1,0,No,No,WiFi,http://dashboard.appsee.com/Videos/External/5d3fc251e9a29e6fff0abea5,No,
29/07/2019 23:06,Android,00:00:05,1.27,9,809,Anonymous,2395,SM-J415G,Peru,"Chiclayo, Lambayeque",2,0,No,No,WiFi,http://dashboard.appsee.com/Videos/External/5d3fc249af588e148ec95e55,No,
29/07/2019 22:08,Android,00:02:25,1.27,9,809,Anonymous,2394,SM-J415G,Peru,"Chiclayo, Lambayeque",8,4,No,No,WiFi,http://dashboard.appsee.com/Videos/External/5d3fb4bd7f9fb6164e488bbc,No,
29/07/2019 20:17,Android,00:00,1.27,8.1.0,4547,Anonymous,44,Moto G5 Plus,Peru,"Trujillo, La Libertad",1,0,No,No,WiFi,http://dashboard.appsee.com/Videos/External/5d3f9abe8a4b2f15894699d4,No,
29/07/2019 20:11,Android,00:00,1.27,8.1.0,4547,Anonymous,43,Moto G5 Plus,Peru,"Trujillo, La Libertad",1,0,No,No,WiFi,http://dashboard.appsee.com/Videos/External/5d3f995bb150b2182d2bc52a,No,
29/07/2019 19:57,Android,00:00:22,1.27,9,809,Anonymous,2393,SM-J415G,Peru,"Chiclayo, Lambayeque",5,3,No,No,WiFi,http://dashboard.appsee.com/Videos/External/5d3f9602f1e5d8148f291a56,No,
29/07/2019 19:41,Android,00:00,1.27,9,809,Anonymous,2392,SM-J415G,Peru,"Chiclayo, Lambayeque",1,0,No,No,WiFi,http://dashboard.appsee.com/Videos/External/5d3f924bf1e5d814884c5788,No,
29/07/2019 18:57,Android,00:00:02,1.27,9,809,Anonymous,2391,SM-J415G,Peru,"Chiclayo, Lambayeque",1,0,No,No,WiFi,http://dashboard.appsee.com/Videos/External/5d3f87e2f1e5d814863a3972,No,
29/07/2019 18:57,Android,00:00,1.27,9,809,Anonymous,2390,SM-J415G,Peru,"Chiclayo, Lambayeque",1,0,No,No,WiFi,http://dashboard.appsee.com/Videos/External/5d3f87dff1e5d8148f287cfa,No,
29/07/2019 18:56,Android,00:00:02,1.27,9,809,Anonymous,2389,SM-J415G,Peru,"Chiclayo, Lambayeque",1,0,No,No,WiFi,http://dashboard.appsee.com/Videos/External/5d3f87b8f1e5d8148f287b6b,No,
29/07/2019 18:56,Android,00:00,1.27,9,809,Anonymous,2388,SM-J415G,Peru,"Chiclayo, Lambayeque",1,0,No,No,WiFi,http://dashboard.appsee.com/Videos/External/5d3f87b5f1e5d8148f287b52,No,
29/07/2019 18:55,Android,00:00:02,1.27,9,809,Anonymous,2387,SM-J415G,Peru,"Chiclayo, Lambayeque",1,0,No,No,WiFi,http://dashboard.appsee.com/Videos/External/5d3f878cf1e5d814863a35c6,No,
29/07/2019 18:55,Android,00:00,1.27,9,809,Anonymous,2386,SM-J415G,Peru,"Chiclayo, Lambayeque",1,0,No,No,WiFi,http://dashboard.appsee.com/Videos/External/5d3f878bf1e5d814863a35ad,No,
29/07/2019 18:55,Android,00:00:02,1.27,9,809,Anonymous,2385,SM-J415G,Peru,"Chiclayo, Lambayeque",1,0,No,No,WiFi,http://dashboard.appsee.com/Videos/External/5d3f8763f1e5d814863a3402,No,
29/07/2019 18:55,Android,00:00,1.27,9,809,Anonymous,2384,SM-J415G,Peru,"Chiclayo, Lambayeque",1,0,No,No,WiFi,http://dashboard.appsee.com/Videos/External/5d3f8761f1e5d8148c82671e,No,
29/07/2019 18:54,Android,00:00:02,1.27,9,809,Anonymous,2383,SM-J415G,Peru,"Chiclayo, Lambayeque",1,0,No,No,WiFi,http://dashboard.appsee.com/Videos/External/5d3f8739f1e5d8148c826545,No,
29/07/2019 18:54,Android,00:00,1.27,9,809,Anonymous,2382,SM-J415G,Peru,"Chiclayo, Lambayeque",1,0,No,No,WiFi,http://dashboard.appsee.com/Videos/External/5d3f8736f1e5d814863a31f6,No,
29/07/2019 18:53,Android,00:00:02,1.27,9,809,Anonymous,2381,SM-J415G,Peru,"Chiclayo, Lambayeque",1,0,No,No,WiFi,http://dashboard.appsee.com/Videos/External/5d3f8710f1e5d8148c826364,No,
29/07/2019 18:53,Android,00:00,1.27,9,809,Anonymous,2380,SM-J415G,Peru,"Chiclayo, Lambayeque",1,0,No,No,WiFi,http://dashboard.appsee.com/Videos/External/5d3f870cf1e5d8148c826339,No,
29/07/2019 18:53,Android,00:00:02,1.27,9,809,Anonymous,2379,SM-J415G,Peru,"Chiclayo, Lambayeque",1,0,No,No,WiFi,http://dashboard.appsee.com/Videos/External/5d3f86e4f1e5d814884bd853,No,
29/07/2019 18:53,Android,00:00,1.27,9,809,Anonymous,2378,SM-J415G,Peru,"Chiclayo, Lambayeque",1,0,No,No,WiFi,http://dashboard.appsee.com/Videos/External/5d3f86e3f1e5d8148c826197,No,
29/07/2019 18:52,Android,00:00:02,1.27,9,809,Anonymous,2377,SM-J415G,Peru,"Chiclayo, Lambayeque",1,0,No,No,WiFi,http://dashboard.appsee.com/Videos/External/5d3f86baf1e5d814884bd68b,No,
29/07/2019 18:52,Android,00:00,1.27,9,809,Anonymous,2376,SM-J415G,Peru,"Chiclayo, Lambayeque",1,0,No,No,WiFi,http://dashboard.appsee.com/Videos/External/5d3f86b8f1e5d8148c825fde,No,
29/07/2019 18:51,Android,00:00:02,1.27,9,809,Anonymous,2375,SM-J415G,Peru,"Chiclayo, Lambayeque",1,0,No,No,WiFi,http://dashboard.appsee.com/Videos/External/5d3f868ff1e5d8148f286e5f,No,
29/07/2019 18:51,Android,00:00,1.27,9,809,Anonymous,2374,SM-J415G,Peru,"Chiclayo, Lambayeque",1,0,No,No,WiFi,http://dashboard.appsee.com/Videos/External/5d3f868ef1e5d814884bd4a9,No,
29/07/2019 18:51,Android,00:00:02,1.27,9,809,Anonymous,2373,SM-J415G,Peru,"Chiclayo, Lambayeque",1,0,No,No,WiFi,http://dashboard.appsee.com/Videos/External/5d3f8666f1e5d8148f286cdf,No,
29/07/2019 18:51,Android,00:00,1.27,9,809,Anonymous,2372,SM-J415G,Peru,"Chiclayo, Lambayeque",1,0,No,No,WiFi,http://dashboard.appsee.com/Videos/External/5d3f8664f1e5d814884bd32a,No,
29/07/2019 18:50,Android,00:00:02,1.27,9,809,Anonymous,2371,SM-J415G,Peru,"Chiclayo, Lambayeque",1,0,No,No,WiFi,http://dashboard.appsee.com/Videos/External/5d3f863bf1e5d8148f286b7f,No,
29/07/2019 18:50,Android,00:00,1.27,9,809,Anonymous,2370,SM-J415G,Peru,"Chiclayo, Lambayeque",1,0,No,No,WiFi,http://dashboard.appsee.com/Videos/External/5d3f8639f1e5d8148f286b72,No,
29/07/2019 18:49,Android,00:00:02,1.27,9,809,Anonymous,2369,SM-J415G,Peru,"Chiclayo, Lambayeque",1,0,No,No,WiFi,http://dashboard.appsee.com/Videos/External/5d3f8612f1e5d814884bd070,No,
29/07/2019 18:49,Android,00:00,1.27,9,809,Anonymous,2368,SM-J415G,Peru,"Chiclayo, Lambayeque",1,0,No,No,WiFi,http://dashboard.appsee.com/Videos/External/5d3f860ff1e5d814863a2626,No,
29/07/2019 18:48,Android,00:00:02,1.27,9,809,Anonymous,2367,SM-J415G,Peru,"Chiclayo, Lambayeque",1,0,No,No,WiFi,http://dashboard.appsee.com/Videos/External/5d3f85e8f1e5d8148c8258a1,No,
29/07/2019 18:48,Android,00:00,1.27,9,809,Anonymous,2366,SM-J415G,Peru,"Chiclayo, Lambayeque",1,0,No,No,WiFi,http://dashboard.appsee.com/Videos/External/5d3f85e5f1e5d814863a24a1,No,
29/07/2019 18:48,Android,00:00:02,1.27,9,809,Anonymous,2365,SM-J415G,Peru,"Chiclayo, Lambayeque",1,0,No,No,WiFi,http://dashboard.appsee.com/Videos/External/5d3f85bdf1e5d8148f2866df,No,
29/07/2019 18:48,Android,00:00,1.27,9,809,Anonymous,2364,SM-J415G,Peru,"Chiclayo, Lambayeque",1,0,No,No,WiFi,http://dashboard.appsee.com/Videos/External/5d3f85bbf1e5d814884bcd30,No,
29/07/2019 18:47,Android,00:00:02,1.27,9,809,Anonymous,2363,SM-J415G,Peru,"Chiclayo, Lambayeque",1,0,No,No,WiFi,http://dashboard.appsee.com/Videos/External/5d3f8594f1e5d814884bcb98,No,
29/07/2019 18:47,Android,00:00,1.27,9,809,Anonymous,2362,SM-J415G,Peru,"Chiclayo, Lambayeque",1,0,No,No,WiFi,http://dashboard.appsee.com/Videos/External/5d3f8591f1e5d814863a2187,No,
29/07/2019 18:46,Android,00:00:02,1.27,9,809,Anonymous,2361,SM-J415G,Peru,"Chiclayo, Lambayeque",1,0,No,No,WiFi,http://dashboard.appsee.com/Videos/External/5d3f8568f1e5d8148f28638c,No,
29/07/2019 18:46,Android,00:00,1.27,9,809,Anonymous,2360,SM-J415G,Peru,"Chiclayo, Lambayeque",1,0,No,No,WiFi,http://dashboard.appsee.com/Videos/External/5d3f8567f1e5d814863a1f88,No,
29/07/2019 18:46,Android,00:00:02,1.27,9,809,Anonymous,2359,SM-J415G,Peru,"Chiclayo, Lambayeque",1,0,No,No,WiFi,http://dashboard.appsee.com/Videos/External/5d3f853ff1e5d8148c8251f0,No,
29/07/2019 18:46,Android,00:00,1.27,9,809,Anonymous,2358,SM-J415G,Peru,"Chiclayo, Lambayeque",1,0,No,No,WiFi,http://dashboard.appsee.com/Videos/External/5d3f853df1e5d8148c8251da,No,
29/07/2019 18:45,Android,00:00:02,1.27,9,809,Anonymous,2357,SM-J415G,Peru,"Chiclayo, Lambayeque",1,0,No,No,WiFi,http://dashboard.appsee.com/Videos/External/5d3f8515f1e5d814863a1c09,No,
29/07/2019 18:45,Android,00:00,1.27,9,809,Anonymous,2356,SM-J415G,Peru,"Chiclayo, Lambayeque",1,0,No,No,WiFi,http://dashboard.appsee.com/Videos/External/5d3f8512f1e5d814863a1bed,No,
29/07/2019 18:44,Android,00:00:02,1.27,9,809,Anonymous,2355,SM-J415G,Peru,"Chiclayo, Lambayeque",1,0,No,No,WiFi,http://dashboard.appsee.com/Videos/External/5d3f84ebf1e5d814863a1a62,No,
29/07/2019 18:44,Android,00:00,1.27,9,809,Anonymous,2354,SM-J415G,Peru,"Chiclayo, Lambayeque",1,0,No,No,WiFi,http://dashboard.appsee.com/Videos/External/5d3f84e8f1e5d8148f285e28,No,
29/07/2019 18:44,Android,00:00:02,1.27,9,809,Anonymous,2353,SM-J415G,Peru,"Chiclayo, Lambayeque",1,0,No,No,WiFi,http://dashboard.appsee.com/Videos/External/5d3f84c1f1e5d814863a1900,No,
29/07/2019 18:43,Android,00:00,1.27,9,809,Anonymous,2352,SM-J415G,Peru,"Chiclayo, Lambayeque",1,0,No,No,WiFi,http://dashboard.appsee.com/Videos/External/5d3f84bef1e5d814884bc323,No,
29/07/2019 18:43,Android,00:00:02,1.27,9,809,Anonymous,2351,SM-J415G,Peru,"Chiclayo, Lambayeque",1,0,No,No,WiFi,http://dashboard.appsee.com/Videos/External/5d3f8497f1e5d814884bc1e0,No,
29/07/2019 18:43,Android,00:00,1.27,9,809,Anonymous,2350,SM-J415G,Peru,"Chiclayo, Lambayeque",1,0,No,No,WiFi,http://dashboard.appsee.com/Videos/External/5d3f8494f1e5d8148f285b97,No,
29/07/2019 18:42,Android,00:00:02,1.27,9,809,Anonymous,2349,SM-J415G,Peru,"Chiclayo, Lambayeque",1,0,No,No,WiFi,http://dashboard.appsee.com/Videos/External/5d3f846df1e5d814884bc016,No,
29/07/2019 18:42,Android,00:00,1.27,9,809,Anonymous,2348,SM-J415G,Peru,"Chiclayo, Lambayeque",1,0,No,No,WiFi,http://dashboard.appsee.com/Videos/External/5d3f846af1e5d814884bbffb,No,
29/07/2019 18:41,Android,00:00:02,1.27,9,809,Anonymous,2347,SM-J415G,Peru,"Chiclayo, Lambayeque",1,0,No,No,WiFi,http://dashboard.appsee.com/Videos/External/5d3f8443f1e5d8148f2858a2,No,
29/07/2019 18:41,Android,00:00,1.27,9,809,Anonymous,2346,SM-J415G,Peru,"Chiclayo, Lambayeque",1,0,No,No,WiFi,http://dashboard.appsee.com/Videos/External/5d3f8440f1e5d814884bbe6d,No,
29/07/2019 18:41,Android,00:00:02,1.27,9,809,Anonymous,2345,SM-J415G,Peru,"Chiclayo, Lambayeque",1,0,No,No,WiFi,http://dashboard.appsee.com/Videos/External/5d3f8417f1e5d814884bbd19,No,
29/07/2019 18:41,Android,00:00,1.27,9,809,Anonymous,2344,SM-J415G,Peru,"Chiclayo, Lambayeque",1,0,No,No,WiFi,http://dashboard.appsee.com/Videos/External/5d3f8415f1e5d814884bbd0e,No,
29/07/2019 18:40,Android,00:00:02,1.27,9,809,Anonymous,2343,SM-J415G,Peru,"Chiclayo, Lambayeque",1,0,No,No,WiFi,http://dashboard.appsee.com/Videos/External/5d3f83eef1e5d814884bbb8c,No,
29/07/2019 18:40,Android,00:00,1.27,9,809,Anonymous,2342,SM-J415G,Peru,"Chiclayo, Lambayeque",1,0,No,No,WiFi,http://dashboard.appsee.com/Videos/External/5d3f83ebf1e5d8148f28558a,No,
29/07/2019 18:39,Android,00:00:02,1.27,9,809,Anonymous,2341,SM-J415G,Peru,"Chiclayo, Lambayeque",1,0,No,No,WiFi,http://dashboard.appsee.com/Videos/External/5d3f83c3f1e5d8148f285405,No,
29/07/2019 18:39,Android,00:00,1.27,9,809,Anonymous,2340,SM-J415G,Peru,"Chiclayo, Lambayeque",1,0,No,No,WiFi,http://dashboard.appsee.com/Videos/External/5d3f83c1f1e5d814884bb9d0,No,
29/07/2019 18:39,Android,00:00:02,1.27,9,809,Anonymous,2339,SM-J415G,Peru,"Chiclayo, Lambayeque",1,0,No,No,WiFi,http://dashboard.appsee.com/Videos/External/5d3f839af1e5d814884bb817,No,
29/07/2019 18:39,Android,00:00,1.27,9,809,Anonymous,2338,SM-J415G,Peru,"Chiclayo, Lambayeque",1,0,No,No,WiFi,http://dashboard.appsee.com/Videos/External/5d3f8397f1e5d814884bb7f7,No,
29/07/2019 18:38,Android,00:00:02,1.27,9,809,Anonymous,2337,SM-J415G,Peru,"Chiclayo, Lambayeque",1,0,No,No,WiFi,http://dashboard.appsee.com/Videos/External/5d3f8371f1e5d8148f28508c,No,
29/07/2019 18:38,Android,00:00,1.27,9,809,Anonymous,2336,SM-J415G,Peru,"Chiclayo, Lambayeque",1,0,No,No,WiFi,http://dashboard.appsee.com/Videos/External/5d3f836cf1e5d8148c8240c2,No,
29/07/2019 18:37,Android,00:00:02,1.27,9,809,Anonymous,2335,SM-J415G,Peru,"Chiclayo, Lambayeque",1,0,No,No,WiFi,http://dashboard.appsee.com/Videos/External/5d3f8345f1e5d8148f284eac,No,
29/07/2019 18:37,Android,00:00,1.27,9,809,Anonymous,2334,SM-J415G,Peru,"Chiclayo, Lambayeque",1,0,No,No,WiFi,http://dashboard.appsee.com/Videos/External/5d3f8343f1e5d814863a0a2f,No,
29/07/2019 18:36,Android,00:00:02,1.27,9,809,Anonymous,2333,SM-J415G,Peru,"Chiclayo, Lambayeque",1,0,No,No,WiFi,http://dashboard.appsee.com/Videos/External/5d3f831bf1e5d8148f284ce6,No,
29/07/2019 18:36,Android,00:00,1.27,9,809,Anonymous,2332,SM-J415G,Peru,"Chiclayo, Lambayeque",1,0,No,No,WiFi,http://dashboard.appsee.com/Videos/External/5d3f8318f1e5d814863a0848,No,
29/07/2019 18:36,Android,00:00:02,1.27,9,809,Anonymous,2331,SM-J415G,Peru,"Chiclayo, Lambayeque",1,0,No,No,WiFi,http://dashboard.appsee.com/Videos/External/5d3f82f1f1e5d8148f284afe,No,
29/07/2019 18:36,Android,00:00,1.27,9,809,Anonymous,2330,SM-J415G,Peru,"Chiclayo, Lambayeque",1,0,No,No,WiFi,http://dashboard.appsee.com/Videos/External/5d3f82eef1e5d814884bb02d,No,
29/07/2019 18:35,Android,00:00:02,1.27,9,809,Anonymous,2329,SM-J415G,Peru,"Chiclayo, Lambayeque",1,0,No,No,WiFi,http://dashboard.appsee.com/Videos/External/5d3f82c7f1e5d814863a04a4,No,
29/07/2019 18:35,Android,00:00,1.27,9,809,Anonymous,2328,SM-J415G,Peru,"Chiclayo, Lambayeque",1,0,No,No,WiFi,http://dashboard.appsee.com/Videos/External/5d3f82c4f1e5d814863a048c,No,
29/07/2019 18:34,Android,00:00:02,1.27,9,809,Anonymous,2327,SM-J415G,Peru,"Chiclayo, Lambayeque",1,0,No,No,WiFi,http://dashboard.appsee.com/Videos/External/5d3f829cf1e5d8148f28475b,No,
29/07/2019 18:34,Android,00:00,1.27,9,809,Anonymous,2326,SM-J415G,Peru,"Chiclayo, Lambayeque",1,0,No,No,WiFi,http://dashboard.appsee.com/Videos/External/5d3f829af1e5d8148c8237a1,No,
29/07/2019 18:34,Android,00:00:02,1.27,9,809,Anonymous,2325,SM-J415G,Peru,"Chiclayo, Lambayeque",1,0,No,No,WiFi,http://dashboard.appsee.com/Videos/External/5d3f8273f1e5d814884baacc,No,
29/07/2019 18:34,Android,00:00,1.27,9,809,Anonymous,2324,SM-J415G,Peru,"Chiclayo, Lambayeque",1,0,No,No,WiFi,http://dashboard.appsee.com/Videos/External/5d3f8270f1e5d814863a00c6,No,
29/07/2019 18:33,Android,00:00:02,1.27,9,809,Anonymous,2323,SM-J415G,Peru,"Chiclayo, Lambayeque",1,0,No,No,WiFi,http://dashboard.appsee.com/Videos/External/5d3f8248f1e5d8148c823379,No,
29/07/2019 18:33,Android,00:00,1.27,9,809,Anonymous,2322,SM-J415G,Peru,"Chiclayo, Lambayeque",1,0,No,No,WiFi,http://dashboard.appsee.com/Videos/External/5d3f8246f1e5d8148639fead,No,
29/07/2019 18:32,Android,00:00:02,1.27,9,809,Anonymous,2321,SM-J415G,Peru,"Chiclayo, Lambayeque",1,0,No,No,WiFi,http://dashboard.appsee.com/Videos/External/5d3f821df1e5d8148f2840d4,No,
29/07/2019 18:32,Android,00:00,1.27,9,809,Anonymous,2320,SM-J415G,Peru,"Chiclayo, Lambayeque",1,0,No,No,WiFi,http://dashboard.appsee.com/Videos/External/5d3f821bf1e5d8148c82314b,No,
29/07/2019 18:32,Android,00:00:02,1.27,9,809,Anonymous,2319,SM-J415G,Peru,"Chiclayo, Lambayeque",1,0,No,No,WiFi,http://dashboard.appsee.com/Videos/External/5d3f81f4f1e5d8148f283e98,No,
29/07/2019 18:32,Android,00:00,1.27,9,809,Anonymous,2318,SM-J415G,Peru,"Chiclayo, Lambayeque",1,0,No,No,WiFi,http://dashboard.appsee.com/Videos/External/5d3f81f1f1e5d8148639fa5a,No,
29/07/2019 18:31,Android,00:00:02,1.27,9,809,Anonymous,2317,SM-J415G,Peru,"Chiclayo, Lambayeque",1,0,No,No,WiFi,http://dashboard.appsee.com/Videos/External/5d3f81caf1e5d814884ba240,No,
29/07/2019 18:31,Android,00:00,1.27,9,809,Anonymous,2316,SM-J415G,Peru,"Chiclayo, Lambayeque",1,0,No,No,WiFi,http://dashboard.appsee.com/Videos/External/5d3f81c7f1e5d8148639f86c,No,
29/07/2019 18:30,Android,00:00:02,1.27,9,809,Anonymous,2315,SM-J415G,Peru,"Chiclayo, Lambayeque",1,0,No,No,WiFi,http://dashboard.appsee.com/Videos/External/5d3f819ff1e5d8148639f65b,No,
29/07/2019 18:30,Android,00:00,1.27,9,809,Anonymous,2314,SM-J415G,Peru,"Chiclayo, Lambayeque",1,0,No,No,WiFi,http://dashboard.appsee.com/Videos/External/5d3f819df1e5d8148f283a48,No,
29/07/2019 18:29,Android,00:00:02,1.27,9,809,Anonymous,2313,SM-J415G,Peru,"Chiclayo, Lambayeque",1,0,No,No,WiFi,http://dashboard.appsee.com/Videos/External/5d3f8176f1e5d8148f28384c,No,
29/07/2019 18:29,Android,00:00,1.27,9,809,Anonymous,2312,SM-J415G,Peru,"Chiclayo, Lambayeque",1,0,No,No,WiFi,http://dashboard.appsee.com/Videos/External/5d3f8173f1e5d8148f283828,No,
29/07/2019 18:29,Android,00:00:02,1.27,9,809,Anonymous,2311,SM-J415G,Peru,"Chiclayo, Lambayeque",1,0,No,No,WiFi,http://dashboard.appsee.com/Videos/External/5d3f814bf1e5d8148639f20d,No,
29/07/2019 18:29,Android,00:00,1.27,9,809,Anonymous,2310,SM-J415G,Peru,"Chiclayo, Lambayeque",1,0,No,No,WiFi,http://dashboard.appsee.com/Videos/External/5d3f8148f1e5d8148c8226a4,No,
29/07/2019 18:28,Android,00:00:02,1.27,9,809,Anonymous,2309,SM-J415G,Peru,"Chiclayo, Lambayeque",1,0,No,No,WiFi,http://dashboard.appsee.com/Videos/External/5d3f8121f1e5d8148f28341d,No,
29/07/2019 18:28,Android,00:00,1.27,9,809,Anonymous,2308,SM-J415G,Peru,"Chiclayo, Lambayeque",1,0,No,No,WiFi,http://dashboard.appsee.com/Videos/External/5d3f811ef1e5d814884b9995,No,
29/07/2019 18:27,Android,00:00:02,1.27,9,809,Anonymous,2307,SM-J415G,Peru,"Chiclayo, Lambayeque",1,0,No,No,WiFi,http://dashboard.appsee.com/Videos/External/5d3f80f7f1e5d8148f28321d,No,
29/07/2019 18:27,Android,00:00,1.27,9,809,Anonymous,2306,SM-J415G,Peru,"Chiclayo, Lambayeque",1,0,No,No,WiFi,http://dashboard.appsee.com/Videos/External/5d3f80f4f1e5d814884b977a,No,
29/07/2019 18:27,Android,00:00:02,1.27,9,809,Anonymous,2305,SM-J415G,Peru,"Chiclayo, Lambayeque",1,0,No,No,WiFi,http://dashboard.appsee.com/Videos/External/5d3f80ccf1e5d814884b9567,No,
29/07/2019 18:27,Android,00:00,1.27,9,809,Anonymous,2304,SM-J415G,Peru,"Chiclayo, Lambayeque",1,0,No,No,WiFi,http://dashboard.appsee.com/Videos/External/5d3f80caf1e5d8148c8220b0,No,
29/07/2019 18:26,Android,00:00:02,1.27,9,809,Anonymous,2303,SM-J415G,Peru,"Chiclayo, Lambayeque",1,0,No,No,WiFi,http://dashboard.appsee.com/Videos/External/5d3f80a3f1e5d814884b93ba,No,
29/07/2019 18:26,Android,00:00,1.27,9,809,Anonymous,2302,SM-J415G,Peru,"Chiclayo, Lambayeque",1,0,No,No,WiFi,http://dashboard.appsee.com/Videos/External/5d3f80a0f1e5d814884b939a,No,
29/07/2019 18:25,Android,00:00:02,1.27,9,809,Anonymous,2301,SM-J415G,Peru,"Chiclayo, Lambayeque",1,0,No,No,WiFi,http://dashboard.appsee.com/Videos/External/5d3f8077f1e5d8148639e799,No,
29/07/2019 18:25,Android,00:00,1.27,9,809,Anonymous,2300,SM-J415G,Peru,"Chiclayo, Lambayeque",1,0,No,No,WiFi,http://dashboard.appsee.com/Videos/External/5d3f8076f1e5d814884b9186,No,
29/07/2019 18:25,Android,00:00:02,1.27,9,809,Anonymous,2299,SM-J415G,Peru,"Chiclayo, Lambayeque",1,0,No,No,WiFi,http://dashboard.appsee.com/Videos/External/5d3f804ef1e5d814884b8ff6,No,
29/07/2019 18:24,Android,00:00,1.27,9,809,Anonymous,2298,SM-J415G,Peru,"Chiclayo, Lambayeque",1,0,No,No,WiFi,http://dashboard.appsee.com/Videos/External/5d3f804bf1e5d8148639e5a8,No,
29/07/2019 18:24,Android,00:00:02,1.27,9,809,Anonymous,2297,SM-J415G,Peru,"Chiclayo, Lambayeque",1,0,No,No,WiFi,http://dashboard.appsee.com/Videos/External/5d3f8024f1e5d8148c82196c,No,
29/07/2019 18:24,Android,00:00,1.27,9,809,Anonymous,2296,SM-J415G,Peru,"Chiclayo, Lambayeque",1,0,No,No,WiFi,http://dashboard.appsee.com/Videos/External/5d3f8021f1e5d814884b8df6,No,
29/07/2019 18:23,Android,00:00:02,1.27,9,809,Anonymous,2295,SM-J415G,Peru,"Chiclayo, Lambayeque",1,0,No,No,WiFi,http://dashboard.appsee.com/Videos/External/5d3f7ff9f1e5d8148c82175e,No,
29/07/2019 18:23,Android,00:00,1.27,9,809,Anonymous,2294,SM-J415G,Peru,"Chiclayo, Lambayeque",1,0,No,No,WiFi,http://dashboard.appsee.com/Videos/External/5d3f7ff7f1e5d8148f282656,No,
29/07/2019 18:22,Android,00:00:02,1.27,9,809,Anonymous,2293,SM-J415G,Peru,"Chiclayo, Lambayeque",1,0,No,No,WiFi,http://dashboard.appsee.com/Videos/External/5d3f7fcff1e5d814884b8a61,No,
29/07/2019 18:22,Android,00:00,1.27,9,809,Anonymous,2292,SM-J415G,Peru,"Chiclayo, Lambayeque",1,0,No,No,WiFi,http://dashboard.appsee.com/Videos/External/5d3f7fcdf1e5d8148639e012,No,
29/07/2019 18:22,Android,00:00:02,1.27,9,809,Anonymous,2291,SM-J415G,Peru,"Chiclayo, Lambayeque",1,0,No,No,WiFi,http://dashboard.appsee.com/Videos/External/5d3f7fa5f1e5d814884b8878,No,
29/07/2019 18:22,Android,00:00,1.27,9,809,Anonymous,2290,SM-J415G,Peru,"Chiclayo, Lambayeque",1,0,No,No,WiFi,http://dashboard.appsee.com/Videos/External/5d3f7fa3f1e5d8148c8213ac,No,
29/07/2019 18:21,Android,00:00:02,1.27,9,809,Anonymous,2289,SM-J415G,Peru,"Chiclayo, Lambayeque",1,0,No,No,WiFi,http://dashboard.appsee.com/Videos/External/5d3f7f7af1e5d814884b8673,No,
29/07/2019 18:21,Android,00:00,1.27,9,809,Anonymous,2288,SM-J415G,Peru,"Chiclayo, Lambayeque",1,0,No,No,WiFi,http://dashboard.appsee.com/Videos/External/5d3f7f78f1e5d814884b865a,No,
29/07/2019 18:20,Android,00:00:02,1.27,9,809,Anonymous,2287,SM-J415G,Peru,"Chiclayo, Lambayeque",1,0,No,No,WiFi,http://dashboard.appsee.com/Videos/External/5d3f7f51f1e5d8148f281eb9,No,
29/07/2019 18:20,Android,00:00,1.27,9,809,Anonymous,2286,SM-J415G,Peru,"Chiclayo, Lambayeque",1,0,No,No,WiFi,http://dashboard.appsee.com/Videos/External/5d3f7f4ef1e5d8148c820fb6,No,
29/07/2019 18:20,Android,00:00:02,1.27,9,809,Anonymous,2285,SM-J415G,Peru,"Chiclayo, Lambayeque",1,0,No,No,WiFi,http://dashboard.appsee.com/Videos/External/5d3f7f27f1e5d814884b827f,No,
29/07/2019 18:20,Android,00:00,1.27,9,809,Anonymous,2284,SM-J415G,Peru,"Chiclayo, Lambayeque",1,0,No,No,WiFi,http://dashboard.appsee.com/Videos/External/5d3f7f24f1e5d8148639d812,No,
29/07/2019 18:19,Android,00:00:02,1.27,9,809,Anonymous,2283,SM-J415G,Peru,"Chiclayo, Lambayeque",1,0,No,No,WiFi,http://dashboard.appsee.com/Videos/External/5d3f7efcf1e5d8148f281ac7,No,
29/07/2019 18:19,Android,00:00,1.27,9,809,Anonymous,2282,SM-J415G,Peru,"Chiclayo, Lambayeque",1,0,No,No,WiFi,http://dashboard.appsee.com/Videos/External/5d3f7efaf1e5d8148639d5f6,No,
29/07/2019 18:18,Android,00:00:02,1.27,9,809,Anonymous,2281,SM-J415G,Peru,"Chiclayo, Lambayeque",1,0,No,No,WiFi,http://dashboard.appsee.com/Videos/External/5d3f7ed2f1e5d8148f281882,No,
29/07/2019 18:18,Android,00:00,1.27,9,809,Anonymous,2280,SM-J415G,Peru,"Chiclayo, Lambayeque",1,0,No,No,WiFi,http://dashboard.appsee.com/Videos/External/5d3f7ed0f1e5d8148c820a14,No,
29/07/2019 18:18,Android,00:00:02,1.27,9,809,Anonymous,2279,SM-J415G,Peru,"Chiclayo, Lambayeque",1,0,No,No,WiFi,http://dashboard.appsee.com/Videos/External/5d3f7ea9f1e5d8148f2816b4,No,
29/07/2019 18:17,Android,00:00,1.27,9,809,Anonymous,2278,SM-J415G,Peru,"Chiclayo, Lambayeque",1,0,No,No,WiFi,http://dashboard.appsee.com/Videos/External/5d3f7ea6f1e5d814884b7c7d,No,
29/07/2019 18:17,Android,00:00:02,1.27,9,809,Anonymous,2277,SM-J415G,Peru,"Chiclayo, Lambayeque",1,0,No,No,WiFi,http://dashboard.appsee.com/Videos/External/5d3f7e7df1e5d8148639d057,No,
29/07/2019 18:17,Android,00:00,1.27,9,809,Anonymous,2276,SM-J415G,Peru,"Chiclayo, Lambayeque",1,0,No,No,WiFi,http://dashboard.appsee.com/Videos/External/5d3f7e7bf1e5d814884b7ab0,No,
29/07/2019 18:16,Android,00:00:02,1.27,9,809,Anonymous,2275,SM-J415G,Peru,"Chiclayo, Lambayeque",1,0,No,No,WiFi,http://dashboard.appsee.com/Videos/External/5d3f7e53c936771532e1d5f4,No,
29/07/2019 18:16,Android,00:00,1.27,9,809,Anonymous,2274,SM-J415G,Peru,"Chiclayo, Lambayeque",1,0,No,No,WiFi,http://dashboard.appsee.com/Videos/External/5d3f7e51c9367715341825e2,No,
29/07/2019 18:15,Android,00:00:02,1.27,9,809,Anonymous,2273,SM-J415G,Peru,"Chiclayo, Lambayeque",1,0,No,No,WiFi,http://dashboard.appsee.com/Videos/External/5d3f7e2ac93677152cd2d096,No,
29/07/2019 18:15,Android,00:00,1.27,9,809,Anonymous,2272,SM-J415G,Peru,"Chiclayo, Lambayeque",1,0,No,No,WiFi,http://dashboard.appsee.com/Videos/External/5d3f7e27c93677152cd2d081,No,
29/07/2019 18:15,Android,00:00:02,1.27,9,809,Anonymous,2271,SM-J415G,Peru,"Chiclayo, Lambayeque",1,0,No,No,WiFi,http://dashboard.appsee.com/Videos/External/5d3f7dffc936771532e1d2ea,No,
29/07/2019 18:15,Android,00:00,1.27,9,809,Anonymous,2270,SM-J415G,Peru,"Chiclayo, Lambayeque",1,0,No,No,WiFi,http://dashboard.appsee.com/Videos/External/5d3f7dfdc936771532e1d2d0,No,
29/07/2019 18:14,Android,00:00:02,1.27,9,809,Anonymous,2269,SM-J415G,Peru,"Chiclayo, Lambayeque",1,0,No,No,WiFi,http://dashboard.appsee.com/Videos/External/5d3f7dd4c93677152f347bc3,No,
29/07/2019 18:14,Android,00:00,1.27,9,809,Anonymous,2268,SM-J415G,Peru,"Chiclayo, Lambayeque",1,0,No,No,WiFi,http://dashboard.appsee.com/Videos/External/5d3f7dd3c93677152cd2cd90,No,
29/07/2019 18:13,Android,00:00:02,1.27,9,809,Anonymous,2267,SM-J415G,Peru,"Chiclayo, Lambayeque",1,0,No,No,WiFi,http://dashboard.appsee.com/Videos/External/5d3f7dabc93677152f347a17,No,
29/07/2019 18:13,Android,00:00,1.27,9,809,Anonymous,2266,SM-J415G,Peru,"Chiclayo, Lambayeque",1,0,No,No,WiFi,http://dashboard.appsee.com/Videos/External/5d3f7da8c936771532e1cfd8,No,
29/07/2019 18:13,Android,00:00:02,1.27,9,809,Anonymous,2265,SM-J415G,Peru,"Chiclayo, Lambayeque",1,0,No,No,WiFi,http://dashboard.appsee.com/Videos/External/5d3f7d80c93677152cd2cabc,No,
29/07/2019 18:13,Android,00:00,1.27,9,809,Anonymous,2264,SM-J415G,Peru,"Chiclayo, Lambayeque",1,0,No,No,WiFi,http://dashboard.appsee.com/Videos/External/5d3f7d7ec93677152f347887,No,
29/07/2019 18:12,Android,00:00:02,1.27,9,809,Anonymous,2263,SM-J415G,Peru,"Chiclayo, Lambayeque",1,0,No,No,WiFi,http://dashboard.appsee.com/Videos/External/5d3f7d56c93677152f347709,No,
29/07/2019 18:12,Android,00:00,1.27,9,809,Anonymous,2262,SM-J415G,Peru,"Chiclayo, Lambayeque",1,0,No,No,WiFi,http://dashboard.appsee.com/Videos/External/5d3f7d54c93677152f347700,No,
29/07/2019 18:11,Android,00:00:02,1.27,9,809,Anonymous,2261,SM-J415G,Peru,"Chiclayo, Lambayeque",1,0,No,No,WiFi,http://dashboard.appsee.com/Videos/External/5d3f7d2dc936771532e1cb95,No,
29/07/2019 18:11,Android,00:00,1.27,9,809,Anonymous,2260,SM-J415G,Peru,"Chiclayo, Lambayeque",1,0,No,No,WiFi,http://dashboard.appsee.com/Videos/External/5d3f7d2ac93677152cd2c783,No,
29/07/2019 18:10,Android,00:00:02,1.27,9,809,Anonymous,2259,SM-J415G,Peru,"Chiclayo, Lambayeque",1,0,No,No,WiFi,http://dashboard.appsee.com/Videos/External/5d3f7d03c93677152f3473d7,No,
29/07/2019 18:10,Android,00:00,1.27,9,809,Anonymous,2258,SM-J415G,Peru,"Chiclayo, Lambayeque",1,0,No,No,WiFi,http://dashboard.appsee.com/Videos/External/5d3f7d00c936771532e1c9d3,No,
29/07/2019 18:10,Android,00:00:02,1.27,9,809,Anonymous,2257,SM-J415G,Peru,"Chiclayo, Lambayeque",1,0,No,No,WiFi,http://dashboard.appsee.com/Videos/External/5d3f7cd8c936771534181826,No,
29/07/2019 18:10,Android,00:00,1.27,9,809,Anonymous,2256,SM-J415G,Peru,"Chiclayo, Lambayeque",1,0,No,No,WiFi,http://dashboard.appsee.com/Videos/External/5d3f7cd6c936771534181811,No,
29/07/2019 18:09,Android,00:00:02,1.27,9,809,Anonymous,2255,SM-J415G,Peru,"Chiclayo, Lambayeque",1,0,No,No,WiFi,http://dashboard.appsee.com/Videos/External/5d3f7caec93677153418163e,No,
29/07/2019 18:09,Android,00:00,1.27,9,809,Anonymous,2254,SM-J415G,Peru,"Chiclayo, Lambayeque",1,0,No,No,WiFi,http://dashboard.appsee.com/Videos/External/5d3f7cacc93677152cd2c22c,No,
29/07/2019 18:08,Android,00:00:02,1.27,9,809,Anonymous,2253,SM-J415G,Peru,"Chiclayo, Lambayeque",1,0,No,No,WiFi,http://dashboard.appsee.com/Videos/External/5d3f7c84c93677152cd2c054,No,
29/07/2019 18:08,Android,00:00,1.27,9,809,Anonymous,2252,SM-J415G,Peru,"Chiclayo, Lambayeque",1,0,No,No,WiFi,http://dashboard.appsee.com/Videos/External/5d3f7c82c936771534181486,No,
29/07/2019 18:08,Android,00:00:02,1.27,9,809,Anonymous,2251,SM-J415G,Peru,"Chiclayo, Lambayeque",1,0,No,No,WiFi,http://dashboard.appsee.com/Videos/External/5d3f7c5ac936771532e1c351,No,
29/07/2019 18:08,Android,00:00,1.27,9,809,Anonymous,2250,SM-J415G,Peru,"Chiclayo, Lambayeque",1,0,No,No,WiFi,http://dashboard.appsee.com/Videos/External/5d3f7c57c9367715341812e7,No,
29/07/2019 18:07,Android,00:00:02,1.27,9,809,Anonymous,2249,SM-J415G,Peru,"Chiclayo, Lambayeque",1,0,No,No,WiFi,http://dashboard.appsee.com/Videos/External/5d3f7c30c936771534181133,No,
29/07/2019 18:07,Android,00:00,1.27,9,809,Anonymous,2248,SM-J415G,Peru,"Chiclayo, Lambayeque",1,0,No,No,WiFi,http://dashboard.appsee.com/Videos/External/5d3f7c2dc93677152cd2bd27,No,
29/07/2019 18:06,Android,00:00:02,1.27,9,809,Anonymous,2247,SM-J415G,Peru,"Chiclayo, Lambayeque",1,0,No,No,WiFi,http://dashboard.appsee.com/Videos/External/5d3f7c06c936771534180f18,No,
29/07/2019 18:06,Android,00:00,1.27,9,809,Anonymous,2246,SM-J415G,Peru,"Chiclayo, Lambayeque",1,0,No,No,WiFi,http://dashboard.appsee.com/Videos/External/5d3f7c03c93677152cd2bb32,No,
29/07/2019 18:06,Android,00:00:02,1.27,9,809,Anonymous,2245,SM-J415G,Peru,"Chiclayo, Lambayeque",1,0,No,No,WiFi,http://dashboard.appsee.com/Videos/External/5d3f7bddc936771534180d5e,No,
29/07/2019 18:06,Android,00:00,1.27,9,809,Anonymous,2244,SM-J415G,Peru,"Chiclayo, Lambayeque",1,0,No,No,WiFi,http://dashboard.appsee.com/Videos/External/5d3f7bd9c936771534180d31,No,
29/07/2019 18:05,Android,00:00:02,1.27,9,809,Anonymous,2243,SM-J415G,Peru,"Chiclayo, Lambayeque",1,0,No,No,WiFi,http://dashboard.appsee.com/Videos/External/5d3f7bb1c93677152cd2b7e5,No,
29/07/2019 18:05,Android,00:00,1.27,9,809,Anonymous,2242,SM-J415G,Peru,"Chiclayo, Lambayeque",1,0,No,No,WiFi,http://dashboard.appsee.com/Videos/External/5d3f7bafc93677152f34660b,No,
29/07/2019 18:04,Android,00:00:02,1.27,9,809,Anonymous,2241,SM-J415G,Peru,"Chiclayo, Lambayeque",1,0,No,No,WiFi,http://dashboard.appsee.com/Videos/External/5d3f7b87c936771532e1bae2,No,
29/07/2019 18:04,Android,00:00,1.27,9,809,Anonymous,2240,SM-J415G,Peru,"Chiclayo, Lambayeque",1,0,No,No,WiFi,http://dashboard.appsee.com/Videos/External/5d3f7b84c93677152cd2b5fb,No,
29/07/2019 18:03,Android,00:00:02,1.27,9,809,Anonymous,2239,SM-J415G,Peru,"Chiclayo, Lambayeque",1,0,No,No,WiFi,http://dashboard.appsee.com/Videos/External/5d3f7b5dc93677153418081b,No,
29/07/2019 18:03,Android,00:00,1.27,9,809,Anonymous,2238,SM-J415G,Peru,"Chiclayo, Lambayeque",1,0,No,No,WiFi,http://dashboard.appsee.com/Videos/External/5d3f7b5ac93677152cd2b473,No,
29/07/2019 18:03,Android,00:00:02,1.27,9,809,Anonymous,2237,SM-J415G,Peru,"Chiclayo, Lambayeque",1,0,No,No,WiFi,http://dashboard.appsee.com/Videos/External/5d3f7b33c93677152cd2b2d3,No,
29/07/2019 18:03,Android,00:00,1.27,9,809,Anonymous,2236,SM-J415G,Peru,"Chiclayo, Lambayeque",1,0,No,No,WiFi,http://dashboard.appsee.com/Videos/External/5d3f7b30c93677152f3460f6,No,
29/07/2019 18:02,Android,00:00:02,1.27,9,809,Anonymous,2235,SM-J415G,Peru,"Chiclayo, Lambayeque",1,0,No,No,WiFi,http://dashboard.appsee.com/Videos/External/5d3f7b08c936771532e1b5dc,No,
29/07/2019 18:02,Android,00:00,1.27,9,809,Anonymous,2234,SM-J415G,Peru,"Chiclayo, Lambayeque",1,0,No,No,WiFi,http://dashboard.appsee.com/Videos/External/5d3f7b06c93677152f345f36,No,
29/07/2019 18:01,Android,00:00:02,1.27,9,809,Anonymous,2233,SM-J415G,Peru,"Chiclayo, Lambayeque",1,0,No,No,WiFi,http://dashboard.appsee.com/Videos/External/5d3f7adfc93677152f345d7d,No,
29/07/2019 18:01,Android,00:00,1.27,9,809,Anonymous,2232,SM-J415G,Peru,"Chiclayo, Lambayeque",1,0,No,No,WiFi,http://dashboard.appsee.com/Videos/External/5d3f7adcc936771534180267,No,
29/07/2019 18:01,Android,00:00:02,1.27,9,809,Anonymous,2231,SM-J415G,Peru,"Chiclayo, Lambayeque",1,0,No,No,WiFi,http://dashboard.appsee.com/Videos/External/5d3f7ab4c9367715341800cd,No,
29/07/2019 18:01,Android,00:00,1.27,9,809,Anonymous,2230,SM-J415G,Peru,"Chiclayo, Lambayeque",1,0,No,No,WiFi,http://dashboard.appsee.com/Videos/External/5d3f7ab2c93677152cd2acca,No,
29/07/2019 18:00,Android,00:00:02,1.27,9,809,Anonymous,2229,SM-J415G,Peru,"Chiclayo, Lambayeque",1,0,No,No,WiFi,http://dashboard.appsee.com/Videos/External/5d3f7a8ac93677152f345a18,No,
29/07/2019 18:00,Android,00:00,1.27,9,809,Anonymous,2228,SM-J415G,Peru,"Chiclayo, Lambayeque",1,0,No,No,WiFi,http://dashboard.appsee.com/Videos/External/5d3f7a87c93677153417fefc,No,
29/07/2019 17:59,Android,00:00:02,1.27,9,809,Anonymous,2227,SM-J415G,Peru,"Chiclayo, Lambayeque",1,0,No,No,WiFi,http://dashboard.appsee.com/Videos/External/5d3f7a5fc936771532e1aeec,No,
29/07/2019 17:59,Android,00:00,1.27,9,809,Anonymous,2226,SM-J415G,Peru,"Chiclayo, Lambayeque",1,0,No,No,WiFi,http://dashboard.appsee.com/Videos/External/5d3f7a5dc93677152cd2a96f,No,
29/07/2019 17:59,Android,00:00:02,1.27,9,809,Anonymous,2225,SM-J415G,Peru,"Chiclayo, Lambayeque",1,0,No,No,WiFi,http://dashboard.appsee.com/Videos/External/5d3f7a36c93677153417fbbc,No,
29/07/2019 17:58,Android,00:00,1.27,9,809,Anonymous,2224,SM-J415G,Peru,"Chiclayo, Lambayeque",1,0,No,No,WiFi,http://dashboard.appsee.com/Videos/External/5d3f7a33c93677152f345717,No,
29/07/2019 17:58,Android,00:00:02,1.27,9,809,Anonymous,2223,SM-J415G,Peru,"Chiclayo, Lambayeque",1,0,No,No,WiFi,http://dashboard.appsee.com/Videos/External/5d3f7a0bc93677153417f9fe,No,
29/07/2019 17:58,Android,00:00,1.27,9,809,Anonymous,2222,SM-J415G,Peru,"Chiclayo, Lambayeque",1,0,No,No,WiFi,http://dashboard.appsee.com/Videos/External/5d3f7a09c93677153417f9ec,No,
29/07/2019 17:57,Android,00:00:02,1.27,9,809,Anonymous,2221,SM-J415G,Peru,"Chiclayo, Lambayeque",1,0,No,No,WiFi,http://dashboard.appsee.com/Videos/External/5d3f79e2c936771532e1a9e8,No,
29/07/2019 17:57,Android,00:00,1.27,9,809,Anonymous,2220,SM-J415G,Peru,"Chiclayo, Lambayeque",1,0,No,No,WiFi,http://dashboard.appsee.com/Videos/External/5d3f79dfc93677153417f815,No,
29/07/2019 17:56,Android,00:00:02,1.27,9,809,Anonymous,2219,SM-J415G,Peru,"Chiclayo, Lambayeque",1,0,No,No,WiFi,http://dashboard.appsee.com/Videos/External/5d3f79b7c93677152cd2a295,No,
29/07/2019 17:56,Android,00:00,1.27,9,809,Anonymous,2218,SM-J415G,Peru,"Chiclayo, Lambayeque",1,0,No,No,WiFi,http://dashboard.appsee.com/Videos/External/5d3f79b5c93677152cd2a26a,No,
29/07/2019 17:56,Android,00:00:02,1.27,9,809,Anonymous,2217,SM-J415G,Peru,"Chiclayo, Lambayeque",1,0,No,No,WiFi,http://dashboard.appsee.com/Videos/External/5d3f798dc936771532e1a642,No,
29/07/2019 17:56,Android,00:00,1.27,9,809,Anonymous,2216,SM-J415G,Peru,"Chiclayo, Lambayeque",1,0,No,No,WiFi,http://dashboard.appsee.com/Videos/External/5d3f798ac93677153417f4bb,No,
29/07/2019 17:55,Android,00:00:02,1.27,9,809,Anonymous,2215,SM-J415G,Peru,"Chiclayo, Lambayeque",1,0,No,No,WiFi,http://dashboard.appsee.com/Videos/External/5d3f7963c936771532e1a490,No,
29/07/2019 17:55,Android,00:00,1.27,9,809,Anonymous,2214,SM-J415G,Peru,"Chiclayo, Lambayeque",1,0,No,No,WiFi,http://dashboard.appsee.com/Videos/External/5d3f7961c93677152cd29f2d,No,
29/07/2019 17:54,Android,00:00:02,1.27,9,809,Anonymous,2213,SM-J415G,Peru,"Chiclayo, Lambayeque",1,0,No,No,WiFi,http://dashboard.appsee.com/Videos/External/5d3f7939c93677152f344c6b,No,
29/07/2019 17:54,Android,00:00,1.27,9,809,Anonymous,2212,SM-J415G,Peru,"Chiclayo, Lambayeque",1,0,No,No,WiFi,http://dashboard.appsee.com/Videos/External/5d3f7936c936771532e1a2c9,No,
29/07/2019 17:54,Android,00:00:02,1.27,9,809,Anonymous,2211,SM-J415G,Peru,"Chiclayo, Lambayeque",1,0,No,No,WiFi,http://dashboard.appsee.com/Videos/External/5d3f790fc936771532e1a112,No,
29/07/2019 17:54,Android,00:00,1.27,9,809,Anonymous,2210,SM-J415G,Peru,"Chiclayo, Lambayeque",1,0,No,No,WiFi,http://dashboard.appsee.com/Videos/External/5d3f790cc93677153417ef59,No,
29/07/2019 17:53,Android,00:00:02,1.27,9,809,Anonymous,2209,SM-J415G,Peru,"Chiclayo, Lambayeque",1,0,No,No,WiFi,http://dashboard.appsee.com/Videos/External/5d3f78e5c93677152cd29a26,No,
29/07/2019 17:53,Android,00:00,1.27,9,809,Anonymous,2208,SM-J415G,Peru,"Chiclayo, Lambayeque",1,0,No,No,WiFi,http://dashboard.appsee.com/Videos/External/5d3f78e2c93677152cd299ff,No,
29/07/2019 17:52,Android,00:00:02,1.27,9,809,Anonymous,2207,SM-J415G,Peru,"Chiclayo, Lambayeque",1,0,No,No,WiFi,http://dashboard.appsee.com/Videos/External/5d3f78bac93677152f34470a,No,
29/07/2019 17:52,Android,00:00,1.27,9,809,Anonymous,2206,SM-J415G,Peru,"Chiclayo, Lambayeque",1,0,No,No,WiFi,http://dashboard.appsee.com/Videos/External/5d3f78b7c93677153417ebc1,No,
29/07/2019 17:52,Android,00:00:02,1.27,9,809,Anonymous,2205,SM-J415G,Peru,"Chiclayo, Lambayeque",1,0,No,No,WiFi,http://dashboard.appsee.com/Videos/External/5d3f7890c936771532e19b9f,No,
29/07/2019 17:51,Android,00:00,1.27,9,809,Anonymous,2204,SM-J415G,Peru,"Chiclayo, Lambayeque",1,0,No,No,WiFi,http://dashboard.appsee.com/Videos/External/5d3f788dc93677153417e9ee,No,
29/07/2019 17:51,Android,00:00:02,1.27,9,809,Anonymous,2203,SM-J415G,Peru,"Chiclayo, Lambayeque",1,0,No,No,WiFi,http://dashboard.appsee.com/Videos/External/5d3f7866c93677152f34433d,No,
29/07/2019 17:51,Android,00:00,1.27,9,809,Anonymous,2202,SM-J415G,Peru,"Chiclayo, Lambayeque",1,0,No,No,WiFi,http://dashboard.appsee.com/Videos/External/5d3f7863c93677153417e814,No,
29/07/2019 17:50,Android,00:00:02,1.27,9,809,Anonymous,2201,SM-J415G,Peru,"Chiclayo, Lambayeque",1,0,No,No,WiFi,http://dashboard.appsee.com/Videos/External/5d3f783cc936771532e1981c,No,
29/07/2019 17:50,Android,00:00,1.27,9,809,Anonymous,2200,SM-J415G,Peru,"Chiclayo, Lambayeque",1,0,No,No,WiFi,http://dashboard.appsee.com/Videos/External/5d3f7839c93677152f344166,No,
29/07/2019 17:49,Android,00:00:02,1.27,9,809,Anonymous,2199,SM-J415G,Peru,"Chiclayo, Lambayeque",1,0,No,No,WiFi,http://dashboard.appsee.com/Videos/External/5d3f7811c93677152cd29199,No,
29/07/2019 17:49,Android,00:00,1.27,9,809,Anonymous,2198,SM-J415G,Peru,"Chiclayo, Lambayeque",1,0,No,No,WiFi,http://dashboard.appsee.com/Videos/External/5d3f780fc936771532e19644,No,
29/07/2019 17:49,Android,00:00:02,1.27,9,809,Anonymous,2197,SM-J415G,Peru,"Chiclayo, Lambayeque",1,0,No,No,WiFi,http://dashboard.appsee.com/Videos/External/5d3f77e8c93677152f343e23,No,
29/07/2019 17:49,Android,00:00,1.27,9,809,Anonymous,2196,SM-J415G,Peru,"Chiclayo, Lambayeque",1,0,No,No,WiFi,http://dashboard.appsee.com/Videos/External/5d3f77e5c93677152cd28fd0,No,
29/07/2019 17:48,Android,00:00:02,1.27,9,809,Anonymous,2195,SM-J415G,Peru,"Chiclayo, Lambayeque",1,0,No,No,WiFi,http://dashboard.appsee.com/Videos/External/5d3f77bcc936771532e192fa,No,
29/07/2019 17:48,Android,00:00,1.27,9,809,Anonymous,2194,SM-J415G,Peru,"Chiclayo, Lambayeque",1,0,No,No,WiFi,http://dashboard.appsee.com/Videos/External/5d3f77bac93677152cd28e2b,No,
29/07/2019 17:47,Android,00:00:02,1.27,9,809,Anonymous,2193,SM-J415G,Peru,"Chiclayo, Lambayeque",1,0,No,No,WiFi,http://dashboard.appsee.com/Videos/External/5d3f7793c93677152f343af1,No,
29/07/2019 17:47,Android,00:00,1.27,9,809,Anonymous,2192,SM-J415G,Peru,"Chiclayo, Lambayeque",1,0,No,No,WiFi,http://dashboard.appsee.com/Videos/External/5d3f7790c93677152f343ad3,No,
29/07/2019 17:47,Android,00:00:02,1.27,9,809,Anonymous,2191,SM-J415G,Peru,"Chiclayo, Lambayeque",1,0,No,No,WiFi,http://dashboard.appsee.com/Videos/External/5d3f7768c93677153417de69,No,
29/07/2019 17:47,Android,00:00,1.27,9,809,Anonymous,2190,SM-J415G,Peru,"Chiclayo, Lambayeque",1,0,No,No,WiFi,http://dashboard.appsee.com/Videos/External/5d3f7766c93677153417de52,No,
29/07/2019 17:46,Android,00:00:02,1.27,9,809,Anonymous,2189,SM-J415G,Peru,"Chiclayo, Lambayeque",1,0,No,No,WiFi,http://dashboard.appsee.com/Videos/External/5d3f773fc93677153417dc93,No,
29/07/2019 17:46,Android,00:00,1.27,9,809,Anonymous,2188,SM-J415G,Peru,"Chiclayo, Lambayeque",1,0,No,No,WiFi,http://dashboard.appsee.com/Videos/External/5d3f773cc93677152f343748,No,
29/07/2019 17:45,Android,00:00:02,1.27,9,809,Anonymous,2187,SM-J415G,Peru,"Chiclayo, Lambayeque",1,0,No,No,WiFi,http://dashboard.appsee.com/Videos/External/5d3f7714c93677152cd2879f,No,
29/07/2019 17:45,Android,00:00,1.27,9,809,Anonymous,2186,SM-J415G,Peru,"Chiclayo, Lambayeque",1,0,No,No,WiFi,http://dashboard.appsee.com/Videos/External/5d3f7712c936771532e18c18,No,
29/07/2019 17:44,Android,00:00:02,1.27,9,809,Anonymous,2185,SM-J415G,Peru,"Chiclayo, Lambayeque",1,0,No,No,WiFi,http://dashboard.appsee.com/Videos/External/5d3f76e9c93677153417d941,No,
29/07/2019 17:44,Android,00:00,1.27,9,809,Anonymous,2184,SM-J415G,Peru,"Chiclayo, Lambayeque",1,0,No,No,WiFi,http://dashboard.appsee.com/Videos/External/5d3f76e8c93677152f3433f0,No,
29/07/2019 17:44,Android,00:00:02,1.27,9,809,Anonymous,2183,SM-J415G,Peru,"Chiclayo, Lambayeque",1,0,No,No,WiFi,http://dashboard.appsee.com/Videos/External/5d3f76c0c93677152cd28449,No,
29/07/2019 17:44,Android,00:00,1.27,9,809,Anonymous,2182,SM-J415G,Peru,"Chiclayo, Lambayeque",1,0,No,No,WiFi,http://dashboard.appsee.com/Videos/External/5d3f76bdc93677153417d7c6,No,
29/07/2019 17:43,Android,00:00:02,1.27,9,809,Anonymous,2181,SM-J415G,Peru,"Chiclayo, Lambayeque",1,0,No,No,WiFi,http://dashboard.appsee.com/Videos/External/5d3f7695c93677152cd2825d,No,
29/07/2019 17:43,Android,00:00,1.27,9,809,Anonymous,2180,SM-J415G,Peru,"Chiclayo, Lambayeque",1,0,No,No,WiFi,http://dashboard.appsee.com/Videos/External/5d3f7693c93677153417d62e,No,
29/07/2019 17:42,Android,00:00:02,1.27,9,809,Anonymous,2179,SM-J415G,Peru,"Chiclayo, Lambayeque",1,0,No,No,WiFi,http://dashboard.appsee.com/Videos/External/5d3f766bc93677152f342f1d,No,
29/07/2019 17:42,Android,00:00,1.27,9,809,Anonymous,2178,SM-J415G,Peru,"Chiclayo, Lambayeque",1,0,No,No,WiFi,http://dashboard.appsee.com/Videos/External/5d3f7669c93677152cd2809f,No,
29/07/2019 17:42,Android,00:00:02,1.27,9,809,Anonymous,2177,SM-J415G,Peru,"Chiclayo, Lambayeque",1,0,No,No,WiFi,http://dashboard.appsee.com/Videos/External/5d3f7641c93677152cd27f4d,No,
29/07/2019 17:42,Android,00:00,1.27,9,809,Anonymous,2176,SM-J415G,Peru,"Chiclayo, Lambayeque",1,0,No,No,WiFi,http://dashboard.appsee.com/Videos/External/5d3f763fc936771532e18411,No,
29/07/2019 17:41,Android,00:00:02,1.27,9,809,Anonymous,2175,SM-J415G,Peru,"Chiclayo, Lambayeque",1,0,No,No,WiFi,http://dashboard.appsee.com/Videos/External/5d3f7618c93677153417d14b,No,
29/07/2019 17:41,Android,00:00,1.27,9,809,Anonymous,2174,SM-J415G,Peru,"Chiclayo, Lambayeque",1,0,No,No,WiFi,http://dashboard.appsee.com/Videos/External/5d3f7615c93677152cd27d7d,No,
29/07/2019 17:40,Android,00:00:02,1.27,9,809,Anonymous,2173,SM-J415G,Peru,"Chiclayo, Lambayeque",1,0,No,No,WiFi,http://dashboard.appsee.com/Videos/External/5d3f75edc93677152cd27d7c,Yes,
29/07/2019 17:40,Android,00:00,1.27,9,809,Anonymous,2172,SM-J415G,Peru,"Chiclayo, Lambayeque",1,0,No,No,WiFi,http://dashboard.appsee.com/Videos/External/5d3f75ebc93677152cd27bf1,No,
29/07/2019 17:40,Android,00:00:02,1.27,9,809,Anonymous,2171,SM-J415G,Peru,"Chiclayo, Lambayeque",1,0,No,No,WiFi,http://dashboard.appsee.com/Videos/External/5d3f75c3c93677153417ce34,No,
29/07/2019 17:40,Android,00:00,1.27,9,809,Anonymous,2170,SM-J415G,Peru,"Chiclayo, Lambayeque",1,0,No,No,WiFi,http://dashboard.appsee.com/Videos/External/5d3f75c1c936771532e17f38,No,
29/07/2019 17:39,Android,00:00:02,1.27,9,809,Anonymous,2169,SM-J415G,Peru,"Chiclayo, Lambayeque",1,0,No,No,WiFi,http://dashboard.appsee.com/Videos/External/5d3f7599c93677152cd278d6,No,
29/07/2019 17:39,Android,00:00,1.27,9,809,Anonymous,2168,SM-J415G,Peru,"Chiclayo, Lambayeque",1,0,No,No,WiFi,http://dashboard.appsee.com/Videos/External/5d3f7596c93677152cd278be,No,
29/07/2019 17:38,Android,00:00:02,1.27,9,809,Anonymous,2167,SM-J415G,Peru,"Chiclayo, Lambayeque",1,0,No,No,WiFi,http://dashboard.appsee.com/Videos/External/5d3f756fc93677152cd27771,No,
29/07/2019 17:38,Android,00:00,1.27,9,809,Anonymous,2166,SM-J415G,Peru,"Chiclayo, Lambayeque",1,0,No,No,WiFi,http://dashboard.appsee.com/Videos/External/5d3f756cc93677153417cad8,No,
29/07/2019 17:37,Android,00:00:02,1.27,9,809,Anonymous,2165,SM-J415G,Peru,"Chiclayo, Lambayeque",1,0,No,No,WiFi,http://dashboard.appsee.com/Videos/External/5d3f7544c93677152cd27606,No,
29/07/2019 17:37,Android,00:00,1.27,9,809,Anonymous,2164,SM-J415G,Peru,"Chiclayo, Lambayeque",1,0,No,No,WiFi,http://dashboard.appsee.com/Videos/External/5d3f7542c93677152f342460,No,
29/07/2019 17:37,Android,00:00:02,1.27,9,809,Anonymous,2163,SM-J415G,Peru,"Chiclayo, Lambayeque",1,0,No,No,WiFi,http://dashboard.appsee.com/Videos/External/5d3f751ac93677153417c81e,No,
29/07/2019 17:37,Android,00:00,1.27,9,809,Anonymous,2162,SM-J415G,Peru,"Chiclayo, Lambayeque",1,0,No,No,WiFi,http://dashboard.appsee.com/Videos/External/5d3f7518c936771532e1792b,No,
29/07/2019 17:36,Android,00:00:02,1.27,9,809,Anonymous,2161,SM-J415G,Peru,"Chiclayo, Lambayeque",1,0,No,No,WiFi,http://dashboard.appsee.com/Videos/External/5d3f74f0c93677152f342147,No,
29/07/2019 17:36,Android,00:00,1.27,9,809,Anonymous,2160,SM-J415G,Peru,"Chiclayo, Lambayeque",1,0,No,No,WiFi,http://dashboard.appsee.com/Videos/External/5d3f74eec93677152f34211b,No,
29/07/2019 17:35,Android,00:00:02,1.27,9,809,Anonymous,2159,SM-J415G,Peru,"Chiclayo, Lambayeque",1,0,No,No,WiFi,http://dashboard.appsee.com/Videos/External/5d3f74c5c93677152f341fc8,No,
29/07/2019 17:35,Android,00:00,1.27,9,809,Anonymous,2158,SM-J415G,Peru,"Chiclayo, Lambayeque",1,0,No,No,WiFi,http://dashboard.appsee.com/Videos/External/5d3f74c3c93677152f341fb7,No,
29/07/2019 17:35,Android,00:00:02,1.27,9,809,Anonymous,2157,SM-J415G,Peru,"Chiclayo, Lambayeque",1,0,No,No,WiFi,http://dashboard.appsee.com/Videos/External/5d3f749bc936771532e1749a,No,
29/07/2019 17:35,Android,00:00,1.27,9,809,Anonymous,2156,SM-J415G,Peru,"Chiclayo, Lambayeque",1,0,No,No,WiFi,http://dashboard.appsee.com/Videos/External/5d3f7499c93677152f341e61,No,
29/07/2019 17:34,Android,00:00:02,1.27,9,809,Anonymous,2155,SM-J415G,Peru,"Chiclayo, Lambayeque",1,0,No,No,WiFi,http://dashboard.appsee.com/Videos/External/5d3f7472c93677153417c210,No,
29/07/2019 17:34,Android,00:00,1.27,9,809,Anonymous,2154,SM-J415G,Peru,"Chiclayo, Lambayeque",1,0,No,No,WiFi,http://dashboard.appsee.com/Videos/External/5d3f746fc93677152f341ce6,No,
29/07/2019 17:33,Android,00:00:02,1.27,9,809,Anonymous,2153,SM-J415G,Peru,"Chiclayo, Lambayeque",1,0,No,No,WiFi,http://dashboard.appsee.com/Videos/External/5d3f7447c93677153417c080,No,
29/07/2019 17:33,Android,00:00,1.27,9,809,Anonymous,2152,SM-J415G,Peru,"Chiclayo, Lambayeque",1,0,No,No,WiFi,http://dashboard.appsee.com/Videos/External/5d3f7445c93677153417c06f,No,
29/07/2019 17:33,Android,00:00:02,1.27,9,809,Anonymous,2151,SM-J415G,Peru,"Chiclayo, Lambayeque",1,0,No,No,WiFi,http://dashboard.appsee.com/Videos/External/5d3f741fc936771532e1705e,No,
29/07/2019 17:32,Android,00:00,1.27,9,809,Anonymous,2150,SM-J415G,Peru,"Chiclayo, Lambayeque",1,0,No,No,WiFi,http://dashboard.appsee.com/Videos/External/5d3f741bc93677153417bf2a,No,
29/07/2019 17:32,Android,00:00:02,1.27,9,809,Anonymous,2149,SM-J415G,Peru,"Chiclayo, Lambayeque",1,0,No,No,WiFi,http://dashboard.appsee.com/Videos/External/5d3f73f2c93677153417bdb0,No,
29/07/2019 17:32,Android,00:00,1.27,9,809,Anonymous,2148,SM-J415G,Peru,"Chiclayo, Lambayeque",1,0,No,No,WiFi,http://dashboard.appsee.com/Videos/External/5d3f73f1c93677152cd26a18,No,
29/07/2019 17:31,Android,00:00:02,1.27,9,809,Anonymous,2147,SM-J415G,Peru,"Chiclayo, Lambayeque",1,0,No,No,WiFi,http://dashboard.appsee.com/Videos/External/5d3f73c8c93677153417bc3b,No,
29/07/2019 17:31,Android,00:00,1.27,9,809,Anonymous,2146,SM-J415G,Peru,"Chiclayo, Lambayeque",1,0,No,No,WiFi,http://dashboard.appsee.com/Videos/External/5d3f73c6c93677152f341724,No,
29/07/2019 17:30,Android,00:00:02,1.27,9,809,Anonymous,2145,SM-J415G,Peru,"Chiclayo, Lambayeque",1,0,No,No,WiFi,http://dashboard.appsee.com/Videos/External/5d3f739ec93677152f341592,No,
29/07/2019 17:30,Android,00:00,1.27,9,809,Anonymous,2144,SM-J415G,Peru,"Chiclayo, Lambayeque",1,0,No,No,WiFi,http://dashboard.appsee.com/Videos/External/5d3f739cc936771532e16c0a,No,
29/07/2019 17:30,Android,00:00:02,1.27,9,809,Anonymous,2143,SM-J415G,Peru,"Chiclayo, Lambayeque",1,0,No,No,WiFi,http://dashboard.appsee.com/Videos/External/5d3f7375c93677153417b8d4,No,
29/07/2019 17:30,Android,00:00,1.27,9,809,Anonymous,2142,SM-J415G,Peru,"Chiclayo, Lambayeque",1,0,No,No,WiFi,http://dashboard.appsee.com/Videos/External/5d3f7372c93677152cd2656f,No,
29/07/2019 17:29,Android,00:00:02,1.27,9,809,Anonymous,2141,SM-J415G,Peru,"Chiclayo, Lambayeque",1,0,No,No,WiFi,http://dashboard.appsee.com/Videos/External/5d3f734ac93677152cd263d7,No,
29/07/2019 17:29,Android,00:00,1.27,9,809,Anonymous,2140,SM-J415G,Peru,"Chiclayo, Lambayeque",1,0,No,No,WiFi,http://dashboard.appsee.com/Videos/External/5d3f7348c93677152cd263c3,No,
29/07/2019 17:28,Android,00:00:02,1.27,9,809,Anonymous,2139,SM-J415G,Peru,"Chiclayo, Lambayeque",1,0,No,No,WiFi,http://dashboard.appsee.com/Videos/External/5d3f7320c936771532e16779,No,
29/07/2019 17:28,Android,00:00,1.27,9,809,Anonymous,2138,SM-J415G,Peru,"Chiclayo, Lambayeque",1,0,No,No,WiFi,http://dashboard.appsee.com/Videos/External/5d3f731ec936771532e16765,No,
29/07/2019 17:28,Android,00:00:02,1.27,9,809,Anonymous,2137,SM-J415G,Peru,"Chiclayo, Lambayeque",1,0,No,No,WiFi,http://dashboard.appsee.com/Videos/External/5d3f72f7c93677152f340f31,No,
29/07/2019 17:28,Android,00:00,1.27,9,809,Anonymous,2136,SM-J415G,Peru,"Chiclayo, Lambayeque",1,0,No,No,WiFi,http://dashboard.appsee.com/Videos/External/5d3f72f4c93677153417b3f8,No,
29/07/2019 17:27,Android,00:00:02,1.27,9,809,Anonymous,2135,SM-J415G,Peru,"Chiclayo, Lambayeque",1,0,No,No,WiFi,http://dashboard.appsee.com/Videos/External/5d3f72cbc93677152f340d8b,No,
29/07/2019 17:27,Android,00:00,1.27,9,809,Anonymous,2134,SM-J415G,Peru,"Chiclayo, Lambayeque",1,0,No,No,WiFi,http://dashboard.appsee.com/Videos/External/5d3f72cac93677152f340d7b,No,
29/07/2019 17:26,Android,00:00:02,1.27,9,809,Anonymous,2133,SM-J415G,Peru,"Chiclayo, Lambayeque",1,0,No,No,WiFi,http://dashboard.appsee.com/Videos/External/5d3f72a3c93677152cd25d82,No,
29/07/2019 17:26,Android,00:00,1.27,9,809,Anonymous,2132,SM-J415G,Peru,"Chiclayo, Lambayeque",1,0,No,No,WiFi,http://dashboard.appsee.com/Videos/External/5d3f729fc93677153417b0ae,No,
29/07/2019 17:25,Android,00:00:02,1.27,9,809,Anonymous,2131,SM-J415G,Peru,"Chiclayo, Lambayeque",1,0,No,No,WiFi,http://dashboard.appsee.com/Videos/External/5d3f7277c93677152f340a36,No,
29/07/2019 17:25,Android,00:00,1.27,9,809,Anonymous,2130,SM-J415G,Peru,"Chiclayo, Lambayeque",1,0,No,No,WiFi,http://dashboard.appsee.com/Videos/External/5d3f7275c93677153417af04,No,
29/07/2019 17:25,Android,00:00:02,1.27,9,809,Anonymous,2129,SM-J415G,Peru,"Chiclayo, Lambayeque",2,0,No,No,WiFi,http://dashboard.appsee.com/Videos/External/5d3f724ec93677153417ad64,No,
29/07/2019 17:25,Android,00:00,1.27,9,809,Anonymous,2128,SM-J415G,Peru,"Chiclayo, Lambayeque",1,0,No,No,WiFi,http://dashboard.appsee.com/Videos/External/5d3f724bc93677152f340869,No,
29/07/2019 17:24,Android,00:00:02,1.27,9,809,Anonymous,2127,SM-J415G,Peru,"Chiclayo, Lambayeque",1,0,No,No,WiFi,http://dashboard.appsee.com/Videos/External/5d3f7223c93677153417ab81,No,
29/07/2019 17:24,Android,00:00,1.27,9,809,Anonymous,2126,SM-J415G,Peru,"Chiclayo, Lambayeque",1,0,No,No,WiFi,http://dashboard.appsee.com/Videos/External/5d3f7221c93677153417ab5f,No,
29/07/2019 17:23,Android,00:00:02,1.27,9,809,Anonymous,2125,SM-J415G,Peru,"Chiclayo, Lambayeque",1,0,No,No,WiFi,http://dashboard.appsee.com/Videos/External/5d3f71f9c93677152f3404d9,No,
29/07/2019 17:23,Android,00:00,1.27,9,809,Anonymous,2124,SM-J415G,Peru,"Chiclayo, Lambayeque",1,0,No,No,WiFi,http://dashboard.appsee.com/Videos/External/5d3f71f7c93677152cd2564b,No,
29/07/2019 17:23,Android,00:00:02,1.27,9,809,Anonymous,2123,SM-J415G,Peru,"Chiclayo, Lambayeque",1,0,No,No,WiFi,http://dashboard.appsee.com/Videos/External/5d3f71cfc93677152cd254c7,No,
29/07/2019 17:23,Android,00:00,1.27,9,809,Anonymous,2122,SM-J415G,Peru,"Chiclayo, Lambayeque",1,0,No,No,WiFi,http://dashboard.appsee.com/Videos/External/5d3f71cdc936771532e159cf,No,
29/07/2019 17:22,Android,00:00:02,1.27,9,809,Anonymous,2121,SM-J415G,Peru,"Chiclayo, Lambayeque",1,0,No,No,WiFi,http://dashboard.appsee.com/Videos/External/5d3f71a5c936771532e15803,No,
29/07/2019 17:22,Android,00:00,1.27,9,809,Anonymous,2120,SM-J415G,Peru,"Chiclayo, Lambayeque",1,0,No,No,WiFi,http://dashboard.appsee.com/Videos/External/5d3f71a3c93677152f340131,No,
29/07/2019 17:21,Android,00:00:02,1.27,9,809,Anonymous,2119,SM-J415G,Peru,"Chiclayo, Lambayeque",1,0,No,No,WiFi,http://dashboard.appsee.com/Videos/External/5d3f717ac93677152cd251b3,No,
29/07/2019 17:21,Android,00:00,1.27,9,809,Anonymous,2118,SM-J415G,Peru,"Chiclayo, Lambayeque",1,0,No,No,WiFi,http://dashboard.appsee.com/Videos/External/5d3f7178c93677152cd2519d,No,
29/07/2019 17:21,Android,00:00:02,1.27,9,809,Anonymous,2117,SM-J415G,Peru,"Chiclayo, Lambayeque",1,0,No,No,WiFi,http://dashboard.appsee.com/Videos/External/5d3f7150c93677153417a330,No,
29/07/2019 17:21,Android,00:00,1.27,9,809,Anonymous,2116,SM-J415G,Peru,"Chiclayo, Lambayeque",1,0,No,No,WiFi,http://dashboard.appsee.com/Videos/External/5d3f714ec93677152f33fe30,No,
29/07/2019 17:20,Android,00:00:02,1.27,9,809,Anonymous,2115,SM-J415G,Peru,"Chiclayo, Lambayeque",1,0,No,No,WiFi,http://dashboard.appsee.com/Videos/External/5d3f7127c93677152f33fca4,No,
29/07/2019 17:20,Android,00:00,1.27,9,809,Anonymous,2114,SM-J415G,Peru,"Chiclayo, Lambayeque",1,0,No,No,WiFi,http://dashboard.appsee.com/Videos/External/5d3f7124c93677153417a17f,No,
29/07/2019 17:19,Android,00:00:02,1.27,9,809,Anonymous,2113,SM-J415G,Peru,"Chiclayo, Lambayeque",1,0,No,No,WiFi,http://dashboard.appsee.com/Videos/External/5d3f70fdc93677152cd24cfa,No,
29/07/2019 17:19,Android,00:00,1.27,9,809,Anonymous,2112,SM-J415G,Peru,"Chiclayo, Lambayeque",1,0,No,No,WiFi,http://dashboard.appsee.com/Videos/External/5d3f70fac936771534179fc5,No,
29/07/2019 17:18,Android,00:00:02,1.27,9,809,Anonymous,2111,SM-J415G,Peru,"Chiclayo, Lambayeque",1,0,No,No,WiFi,http://dashboard.appsee.com/Videos/External/5d3f70d1c93677152cd24b42,No,
29/07/2019 17:18,Android,00:00,1.27,9,809,Anonymous,2110,SM-J415G,Peru,"Chiclayo, Lambayeque",1,0,No,No,WiFi,http://dashboard.appsee.com/Videos/External/5d3f70d0c936771532e14fa9,No,
29/07/2019 17:18,Android,00:00:02,1.27,9,809,Anonymous,2109,SM-J415G,Peru,"Chiclayo, Lambayeque",1,0,No,No,WiFi,http://dashboard.appsee.com/Videos/External/5d3f70a8c936771532e14e24,No,
29/07/2019 17:18,Android,00:00,1.27,9,809,Anonymous,2108,SM-J415G,Peru,"Chiclayo, Lambayeque",1,0,No,No,WiFi,http://dashboard.appsee.com/Videos/External/5d3f70a5c936771534179c2b,No,
29/07/2019 17:17,Android,00:00:02,1.27,9,809,Anonymous,2107,SM-J415G,Peru,"Chiclayo, Lambayeque",1,0,No,No,WiFi,http://dashboard.appsee.com/Videos/External/5d3f707ec93677152f33f603,No,
29/07/2019 17:17,Android,00:00,1.27,9,809,Anonymous,2106,SM-J415G,Peru,"Chiclayo, Lambayeque",1,0,No,No,WiFi,http://dashboard.appsee.com/Videos/External/5d3f707bc93677152cd2481a,No,
29/07/2019 17:16,Android,00:00:02,1.27,9,809,Anonymous,2105,SM-J415G,Peru,"Chiclayo, Lambayeque",1,0,No,No,WiFi,http://dashboard.appsee.com/Videos/External/5d3f7053c936771532e14af8,No,
29/07/2019 17:16,Android,00:00,1.27,9,809,Anonymous,2104,SM-J415G,Peru,"Chiclayo, Lambayeque",1,0,No,No,WiFi,http://dashboard.appsee.com/Videos/External/5d3f7051c936771532e14ae3,No,
29/07/2019 17:16,Android,00:00:02,1.27,9,809,Anonymous,2103,SM-J415G,Peru,"Chiclayo, Lambayeque",1,0,No,No,WiFi,http://dashboard.appsee.com/Videos/External/5d3f7029c93677153417979a,No,
29/07/2019 17:16,Android,00:00,1.27,9,809,Anonymous,2102,SM-J415G,Peru,"Chiclayo, Lambayeque",1,0,No,No,WiFi,http://dashboard.appsee.com/Videos/External/5d3f7027c936771532e1493b,No,
29/07/2019 17:15,Android,00:00:02,1.27,9,809,Anonymous,2101,SM-J415G,Peru,"Chiclayo, Lambayeque",1,0,No,No,WiFi,http://dashboard.appsee.com/Videos/External/5d3f6fffc936771534179606,No,
29/07/2019 17:15,Android,00:00,1.27,9,809,Anonymous,2100,SM-J415G,Peru,"Chiclayo, Lambayeque",1,0,No,No,WiFi,http://dashboard.appsee.com/Videos/External/5d3f6ffdc93677152cd243a9,No,
29/07/2019 17:14,Android,00:00:02,1.27,9,809,Anonymous,2099,SM-J415G,Peru,"Chiclayo, Lambayeque",1,0,No,No,WiFi,http://dashboard.appsee.com/Videos/External/5d3f6fd5c93677152f33eff9,No,
29/07/2019 17:14,Android,00:00,1.27,9,809,Anonymous,2098,SM-J415G,Peru,"Chiclayo, Lambayeque",1,0,No,No,WiFi,http://dashboard.appsee.com/Videos/External/5d3f6fd3c93677152cd24234,No,
29/07/2019 17:14,Android,00:00:02,1.27,9,809,Anonymous,2097,SM-J415G,Peru,"Chiclayo, Lambayeque",1,0,No,No,WiFi,http://dashboard.appsee.com/Videos/External/5d3f6fabc936771532e144f1,No,
29/07/2019 17:14,Android,00:00,1.27,9,809,Anonymous,2096,SM-J415G,Peru,"Chiclayo, Lambayeque",1,0,No,No,WiFi,http://dashboard.appsee.com/Videos/External/5d3f6fa9c936771534179321,No,
29/07/2019 17:13,Android,00:00:02,1.27,9,809,Anonymous,2095,SM-J415G,Peru,"Chiclayo, Lambayeque",1,0,No,No,WiFi,http://dashboard.appsee.com/Videos/External/5d3f6f81c936771532e143b8,No,
29/07/2019 17:13,Android,00:00,1.27,9,809,Anonymous,2094,SM-J415G,Peru,"Chiclayo, Lambayeque",1,0,No,No,WiFi,http://dashboard.appsee.com/Videos/External/5d3f6f7ec93677152f33ed1c,No,
29/07/2019 17:12,Android,00:00:02,1.27,9,809,Anonymous,2093,SM-J415G,Peru,"Chiclayo, Lambayeque",1,0,No,No,WiFi,http://dashboard.appsee.com/Videos/External/5d3f6f56c93677153417907b,No,
29/07/2019 17:12,Android,00:00,1.27,9,809,Anonymous,2092,SM-J415G,Peru,"Chiclayo, Lambayeque",1,0,No,No,WiFi,http://dashboard.appsee.com/Videos/External/5d3f6f54c936771532e14253,No,
29/07/2019 17:11,Android,00:00:02,1.27,9,809,Anonymous,2091,SM-J415G,Peru,"Chiclayo, Lambayeque",1,0,No,No,WiFi,http://dashboard.appsee.com/Videos/External/5d3f6f2dc93677152f33ea5c,No,
29/07/2019 17:11,Android,00:00,1.27,9,809,Anonymous,2090,SM-J415G,Peru,"Chiclayo, Lambayeque",1,0,No,No,WiFi,http://dashboard.appsee.com/Videos/External/5d3f6f2ac93677152cd23caf,No,
29/07/2019 17:11,Android,00:00:02,1.27,9,809,Anonymous,2089,SM-J415G,Peru,"Chiclayo, Lambayeque",1,0,No,No,WiFi,http://dashboard.appsee.com/Videos/External/5d3f6f02c936771534178d87,No,
29/07/2019 17:11,Android,00:00,1.27,9,809,Anonymous,2088,SM-J415G,Peru,"Chiclayo, Lambayeque",1,0,No,No,WiFi,http://dashboard.appsee.com/Videos/External/5d3f6f00c93677152cd23b0c,No,
29/07/2019 17:10,Android,00:00:02,1.27,9,809,Anonymous,2087,SM-J415G,Peru,"Chiclayo, Lambayeque",1,0,No,No,WiFi,http://dashboard.appsee.com/Videos/External/5d3f6edac936771534178c30,No,
29/07/2019 17:10,Android,00:00,1.27,9,809,Anonymous,2086,SM-J415G,Peru,"Chiclayo, Lambayeque",1,0,No,No,WiFi,http://dashboard.appsee.com/Videos/External/5d3f6ed6c936771532e13dee,No,
29/07/2019 17:09,Android,00:00:02,1.27,9,809,Anonymous,2085,SM-J415G,Peru,"Chiclayo, Lambayeque",1,0,No,No,WiFi,http://dashboard.appsee.com/Videos/External/5d3f6eadc936771534178a7e,No,
29/07/2019 17:09,Android,00:00,1.27,9,809,Anonymous,2084,SM-J415G,Peru,"Chiclayo, Lambayeque",1,0,No,No,WiFi,http://dashboard.appsee.com/Videos/External/5d3f6eabc936771532e13c57,No,
29/07/2019 17:09,Android,00:00:02,1.27,9,809,Anonymous,2083,SM-J415G,Peru,"Chiclayo, Lambayeque",1,0,No,No,WiFi,http://dashboard.appsee.com/Videos/External/5d3f6e83c93677152f33e46e,No,
29/07/2019 17:09,Android,00:00,1.27,9,809,Anonymous,2082,SM-J415G,Peru,"Chiclayo, Lambayeque",1,0,No,No,WiFi,http://dashboard.appsee.com/Videos/External/5d3f6e81c936771532e13ae0,No,
29/07/2019 17:08,Android,00:00:02,1.27,9,809,Anonymous,2081,SM-J415G,Peru,"Chiclayo, Lambayeque",1,0,No,No,WiFi,http://dashboard.appsee.com/Videos/External/5d3f6e59c93677152f33e30d,No,
29/07/2019 17:08,Android,00:00,1.27,9,809,Anonymous,2080,SM-J415G,Peru,"Chiclayo, Lambayeque",1,0,No,No,WiFi,http://dashboard.appsee.com/Videos/External/5d3f6e57c93677153417877b,No,
29/07/2019 17:07,Android,00:00:02,1.27,9,809,Anonymous,2079,SM-J415G,Peru,"Chiclayo, Lambayeque",1,0,No,No,WiFi,http://dashboard.appsee.com/Videos/External/5d3f6e2fc93677152cd2337f,No,
29/07/2019 17:07,Android,00:00,1.27,9,809,Anonymous,2078,SM-J415G,Peru,"Chiclayo, Lambayeque",1,0,No,No,WiFi,http://dashboard.appsee.com/Videos/External/5d3f6e2dc93677152f33e16d,No,
29/07/2019 17:07,Android,00:00:02,1.27,9,809,Anonymous,2077,SM-J415G,Peru,"Chiclayo, Lambayeque",1,0,No,No,WiFi,http://dashboard.appsee.com/Videos/External/5d3f6e05c93677152cd23204,No,
29/07/2019 17:06,Android,00:00,1.27,9,809,Anonymous,2076,SM-J415G,Peru,"Chiclayo, Lambayeque",1,0,No,No,WiFi,http://dashboard.appsee.com/Videos/External/5d3f6e03c93677153417846a,No,
29/07/2019 17:06,Android,00:00:02,1.27,9,809,Anonymous,2075,SM-J415G,Peru,"Chiclayo, Lambayeque",1,0,No,No,WiFi,http://dashboard.appsee.com/Videos/External/5d3f6ddac9367715341782d9,No,
29/07/2019 17:06,Android,00:00,1.27,9,809,Anonymous,2074,SM-J415G,Peru,"Chiclayo, Lambayeque",1,0,No,No,WiFi,http://dashboard.appsee.com/Videos/External/5d3f6dd9c9367715341782bb,No,
29/07/2019 17:05,Android,00:00:02,1.27,9,809,Anonymous,2073,SM-J415G,Peru,"Chiclayo, Lambayeque",1,0,No,No,WiFi,http://dashboard.appsee.com/Videos/External/5d3f6db0c93677152f33dce2,No,
29/07/2019 17:05,Android,00:00,1.27,9,809,Anonymous,2072,SM-J415G,Peru,"Chiclayo, Lambayeque",1,0,No,No,WiFi,http://dashboard.appsee.com/Videos/External/5d3f6dafc93677152cd22ed0,No,
29/07/2019 17:04,Android,00:00:02,1.27,9,809,Anonymous,2071,SM-J415G,Peru,"Chiclayo, Lambayeque",1,0,No,No,WiFi,http://dashboard.appsee.com/Videos/External/5d3f6d86c936771534177fa6,No,
29/07/2019 17:04,Android,00:00,1.27,9,809,Anonymous,2070,SM-J415G,Peru,"Chiclayo, Lambayeque",1,0,No,No,WiFi,http://dashboard.appsee.com/Videos/External/5d3f6d84c936771532e131ec,No,
29/07/2019 17:04,Android,00:00:02,1.27,9,809,Anonymous,2069,SM-J415G,Peru,"Chiclayo, Lambayeque",1,0,No,No,WiFi,http://dashboard.appsee.com/Videos/External/5d3f6d5dc93677152cd22c0a,No,
29/07/2019 17:04,Android,00:00,1.27,9,809,Anonymous,2068,SM-J415G,Peru,"Chiclayo, Lambayeque",1,0,No,No,WiFi,http://dashboard.appsee.com/Videos/External/5d3f6d5ac936771534177e3d,No,
29/07/2019 17:03,Android,00:00:02,1.27,9,809,Anonymous,2067,SM-J415G,Peru,"Chiclayo, Lambayeque",1,0,No,No,WiFi,http://dashboard.appsee.com/Videos/External/5d3f6d33c936771532e12f74,No,
29/07/2019 17:03,Android,00:00,1.27,9,809,Anonymous,2066,SM-J415G,Peru,"Chiclayo, Lambayeque",1,0,No,No,WiFi,http://dashboard.appsee.com/Videos/External/5d3f6d30c93677152cd22a84,No,
29/07/2019 17:02,Android,00:00:02,1.27,9,809,Anonymous,2065,SM-J415G,Peru,"Chiclayo, Lambayeque",1,0,No,No,WiFi,http://dashboard.appsee.com/Videos/External/5d3f6d0a9e756d189d1e4a2b,No,
29/07/2019 15:43,Android,00:04:13,1.27,9,809,Anonymous,2064,SM-J415G,Peru,"Chiclayo, Lambayeque",3,1,No,No,WiFi,http://dashboard.appsee.com/Videos/External/5d3f5a89f1e5d8148f26bcc3,No,
29/07/2019 15:02,Android,00:00:02,1.27,8.1.0,4547,Anonymous,42,Moto G5 Plus,Peru,"Trujillo, La Libertad",2,1,No,No,WiFi,http://dashboard.appsee.com/Videos/External/5d3f50d2f1e5d8148849cf73,No,
28/07/2019 21:13,Android,00:00:35,1.27,7.0,359,Anonymous,262,SM-G9287,Peru,"Lima, Lima",2,0,No,No,WiFi,http://dashboard.appsee.com/Videos/External/5d3e563f67bf3a148243fdbb,No,
28/07/2019 21:12,Android,00:00:49,1.27,7.0,359,Anonymous,261,SM-G9287,Peru,"Lima, Lima",3,12,No,No,WiFi,http://dashboard.appsee.com/Videos/External/5d3e560b1b7d7d15931321e7,No,
28/07/2019 11:33,Android,00:00:52,1.27,8.1.0,4725,Anonymous,4,Moto G5,Peru,"Lima, Lima",6,4,No,No,WiFi,http://dashboard.appsee.com/Videos/External/5d3dce476ab13514ee288c9e,No,
28/07/2019 10:16,Android,00:01:30,1.27,9,346,Anonymous,462,SM-A305G,Peru,"Huancayo, Junin",6,2,No,No,WiFi,http://dashboard.appsee.com/Videos/External/5d3dbc5034aa61152f1f2e3c,No,
28/07/2019 9:26,Android,00:00,1.27,9,809,Anonymous,2062,SM-J415G,Peru,"Chiclayo, Lambayeque",1,0,No,No,WiFi,http://dashboard.appsee.com/Videos/External/5d3db08967bf3a148096451e,No,
28/07/2019 9:25,Android,00:00:49,1.27,9,809,Anonymous,2061,SM-J415G,Peru,"Chiclayo, Lambayeque",1,0,No,No,WiFi,http://dashboard.appsee.com/Videos/External/5d3db05070256f1613519a32,No,
28/07/2019 9:25,Android,00:00:03,1.27,9,809,Anonymous,2060,SM-J415G,Peru,"Chiclayo, Lambayeque",2,0,No,No,WiFi,http://dashboard.appsee.com/Videos/External/5d3db04a7f9fb6164cba1f9d,No,
28/07/2019 9:09,Android,00:00,1.27,7.0,359,Anonymous,260,SM-G9287,Peru,"Lima, Lima",1,0,No,No,No Connectivity,http://dashboard.appsee.com/Videos/External/5d3dac991b7d7d15931321e6,Yes,
28/07/2019 9:09,Android,00:00,1.27,7.0,359,Anonymous,259,SM-G9287,Peru,"Lima, Lima",1,0,No,No,No Connectivity,http://dashboard.appsee.com/Videos/External/5d3dac931b7d7d15931321e5,Yes,
28/07/2019 9:09,Android,00:00,1.27,7.0,359,Anonymous,258,SM-G9287,Peru,"Lima, Lima",1,0,No,No,WiFi,http://dashboard.appsee.com/Videos/External/5d3dac7c7f9fb6164e35ae2f,No,
28/07/2019 9:08,Android,00:00:03,1.27,7.0,359,Anonymous,257,SM-G9287,Peru,"Lima, Lima",1,0,No,No,WiFi,http://dashboard.appsee.com/Videos/External/5d3dac5667bf3a1480961fe6,No,
28/07/2019 9:07,Android,00:01:02,1.27,7.0,359,Anonymous,256,SM-G9287,Peru,"Lima, Lima",3,3,No,No,WiFi,http://dashboard.appsee.com/Videos/External/5d3dac165353ae14dce15860,No,
28/07/2019 8:50,Android,00:00:38,1.27,9,809,Anonymous,2059,SM-J415G,Peru,"Chiclayo, Lambayeque",5,3,No,No,WiFi,http://dashboard.appsee.com/Videos/External/5d3da82de9a29e6ffbeab0bc,No,
28/07/2019 8:50,Android,00:00,1.27,9,809,Anonymous,2058,SM-J415G,Peru,"Chiclayo, Lambayeque",1,0,No,No,WiFi,http://dashboard.appsee.com/Videos/External/5d3da82b6ab13514ecdbeecb,No,
28/07/2019 8:16,Android,00:02:49,1.27,9,809,Anonymous,2057,SM-J415G,Peru,"Chiclayo, Lambayeque",13,6,No,No,WiFi,http://dashboard.appsee.com/Videos/External/5d3da01670256f1618caa4bc,No,
28/07/2019 6:38,Android,00:00:59,1.27,9,809,Anonymous,2056,SM-J415G,Peru,"Chiclayo, Lambayeque",5,2,No,No,WiFi,http://dashboard.appsee.com/Videos/External/5d3d892c9148e115a63c3d51,No,
28/07/2019 6:30,Android,00:01:12,1.27,9,809,Anonymous,2055,SM-J415G,Peru,"Chiclayo, Lambayeque",3,1,No,No,WiFi,http://dashboard.appsee.com/Videos/External/5d3d874b7f9fb6164cb8bb8e,No,
28/07/2019 3:59,Android,00:00:42,1.27,9,809,Anonymous,2054,SM-J415G,Peru,"Chiclayo, Lambayeque",4,0,No,No,WiFi,http://dashboard.appsee.com/Videos/External/5d3d63d95353ae14dcdf18bf,No,
28/07/2019 3:59,Android,00:00:01,1.27,9,809,Anonymous,2053,SM-J415G,Peru,"Chiclayo, Lambayeque",3,0,No,No,WiFi,http://dashboard.appsee.com/Videos/External/5d3d63d6297a7814eea34319,No,
28/07/2019 2:17,Android,00:00:27,1.27,9,809,Anonymous,2052,SM-J415G,Peru,"Chiclayo, Lambayeque",2,0,No,No,WiFi,http://dashboard.appsee.com/Videos/External/5d3d4c089148e115aae8627e,No,
28/07/2019 1:49,Android,00:07:02,1.27,7.1.1,856,Anonymous,90,Moto E4 Plus,Peru,"Lima, Lima",25,12,No,No,WiFi,http://dashboard.appsee.com/Videos/External/5d3d45717f9fb6164cb6aa3b,No,
28/07/2019 1:46,Android,00:01:29,1.27,7.1.1,856,Anonymous,89,Moto E4 Plus,Peru,"Lima, Lima",9,4,No,No,WiFi,http://dashboard.appsee.com/Videos/External/5d3d44df7f9fb6164e325204,No,
28/07/2019 1:33,Android,00:03:17,1.27,7.1.1,856,Anonymous,88,Moto E4 Plus,Peru,"Lima, Lima",13,6,No,No,WiFi,http://dashboard.appsee.com/Videos/External/5d3d41d370256f1611340a60,No,
28/07/2019 0:59,Android,00:00:17,1.27,7.1.1,856,Anonymous,87,Moto E4 Plus,Peru,"Lima, Lima",3,1,No,No,WiFi,http://dashboard.appsee.com/Videos/External/5d3d39ab297a7814ea09e695,No,
28/07/2019 0:35,Android,00:01:17,1.27,7.1.1,856,Anonymous,86,Moto E4 Plus,Peru,"Lima, Lima",7,3,No,No,WiFi,http://dashboard.appsee.com/Videos/External/5d3d342370256f1618c7353f,No,
28/07/2019 0:14,Android,00:01:21,1.27,7.1.1,856,Anonymous,85,Moto E4 Plus,Peru,"Lima, Lima",6,2,No,No,WiFi,http://dashboard.appsee.com/Videos/External/5d3d2f4b5353ae14df3f96a0,No,
28/07/2019 0:07,Android,00:01:28,1.27,9,809,Anonymous,2051,SM-J415G,Peru,"Chiclayo, Lambayeque",2,1,No,No,WiFi,http://dashboard.appsee.com/Videos/External/5d3d2d74297a7814ec0faeea,No,
28/07/2019 0:06,Android,00:00:02,1.27,9,809,Anonymous,2050,SM-J415G,Peru,"Chiclayo, Lambayeque",2,0,No,No,WiFi,http://dashboard.appsee.com/Videos/External/5d3d2d6eb793b114cca3db24,No,
27/07/2019 23:59,Android,00:07:38,1.27,7.1.1,856,Anonymous,84,Moto E4 Plus,Peru,"Lima, Lima",8,6,No,No,WiFi,http://dashboard.appsee.com/Videos/External/5d3d2bb8192165147c53477b,No,
27/07/2019 22:52,Android,00:00:01,1.27,7.1.1,856,Anonymous,83,Moto E4 Plus,Peru,"Lima, Lima",1,0,No,No,WiFi,http://dashboard.appsee.com/Videos/External/5d3d1c1b7c32181612fa3457,No,
27/07/2019 22:51,Android,00:01:07,1.27,7.1.1,856,Anonymous,82,Moto E4 Plus,Peru,"Lima, Lima",7,3,No,No,WiFi,http://dashboard.appsee.com/Videos/External/5d3d1baf192165147f8c9c28,No,
27/07/2019 22:35,Android,00:00:04,1.27,7.1.1,856,Anonymous,81,Moto E4 Plus,Peru,"Lima, Lima",1,0,No,No,WiFi,http://dashboard.appsee.com/Videos/External/5d3d18089148e115a8601e26,No,
27/07/2019 22:35,Android,00:00,1.27,7.1.1,856,Anonymous,80,Moto E4 Plus,Peru,"Lima, Lima",1,0,No,No,WiFi,http://dashboard.appsee.com/Videos/External/5d3d17fc9148e115a638a18b,No,
27/07/2019 22:31,Android,00:00,1.27,7.1.1,856,Anonymous,79,Moto E4 Plus,Peru,"Lima, Lima",1,0,No,No,WiFi,http://dashboard.appsee.com/Videos/External/5d3d16f89148e115a6389783,No,
27/07/2019 22:29,Android,00:00,1.27,7.1.1,856,Anonymous,78,Moto E4 Plus,Peru,"Lima, Lima",1,0,No,No,WiFi,http://dashboard.appsee.com/Videos/External/5d3d16a39148e115a860104f,No,
27/07/2019 22:24,Android,00:00:29,1.27,7.1.1,856,Anonymous,77,Moto E4 Plus,Peru,"Lima, Lima",2,0,No,No,WiFi,http://dashboard.appsee.com/Videos/External/5d3d15549148e115a86003af,No,
27/07/2019 22:23,Android,00:00:03,1.27,7.1.1,856,Anonymous,76,Moto E4 Plus,Peru,"Lima, Lima",2,0,No,No,WiFi,http://dashboard.appsee.com/Videos/External/5d3d154f4bec3714664befdc,No,
27/07/2019 21:23,Android,00:00:01,1.27,7.1.1,856,Anonymous,75,Moto E4 Plus,Peru,"Lima, Lima",1,1,No,No,WiFi,http://dashboard.appsee.com/Videos/External/5d3d07094bec37146454fcbc,No,
27/07/2019 21:20,Android,00:01:54,1.27,7.1.1,856,Anonymous,74,Moto E4 Plus,Peru,"Lima, Lima",16,7,No,No,WiFi,http://dashboard.appsee.com/Videos/External/5d3d065ce9a29e6ffbe55d2f,No,
27/07/2019 21:04,Android,00:00:40,1.27,9,809,Anonymous,2049,SM-J415G,Peru,"Chiclayo, Lambayeque",4,2,No,No,WiFi,http://dashboard.appsee.com/Videos/External/5d3d02901921651477a5b8b1,No,
27/07/2019 20:45,Android,00:00:21,1.27,9,809,Anonymous,2048,SM-J415G,Peru,"Chiclayo, Lambayeque",2,2,No,No,WiFi,http://dashboard.appsee.com/Videos/External/5d3cfe281921651477a588c2,No,
27/07/2019 20:45,Android,00:00:01,1.27,9,809,Anonymous,2047,SM-J415G,Peru,"Chiclayo, Lambayeque",1,0,No,No,WiFi,http://dashboard.appsee.com/Videos/External/5d3cfe1d192165147f8b6c47,No,
27/07/2019 20:43,Android,00:00:49,1.27,9,809,Anonymous,2046,SM-J415G,Peru,"Chiclayo, Lambayeque",2,0,No,No,WiFi,http://dashboard.appsee.com/Videos/External/5d3cfdb1b12571151a993a27,No,
27/07/2019 20:43,Android,00:00:00,1.27,9,809,Anonymous,2045,SM-J415G,Peru,"Chiclayo, Lambayeque",1,0,No,No,WiFi,http://dashboard.appsee.com/Videos/External/5d3cfdb070256f1618c53da4,No,
27/07/2019 17:41,Android,00:01:12,1.27,7.1.1,856,Anonymous,73,Moto E4 Plus,Peru,"Lima, Lima",10,4,No,No,WiFi,http://dashboard.appsee.com/Videos/External/5d3cd318b34f9814e7ff28f6,No,
27/07/2019 17:31,Android,00:00:41,1.27,7.1.1,856,Anonymous,72,Moto E4 Plus,Peru,"Lima, Lima",6,3,No,No,WiFi,http://dashboard.appsee.com/Videos/External/5d3cd0d6297a7814f12c31dc,No,
27/07/2019 14:56,Android,00:00:05,1.27,8.1.0,4547,Anonymous,41,Moto G5 Plus,Peru,"Trujillo, La Libertad",2,2,No,No,WiFi,http://dashboard.appsee.com/Videos/External/5d3cac59b1771e14e78e3e88,No,
27/07/2019 14:53,Android,00:00:05,1.27,8.1.0,4547,Anonymous,40,Moto G5 Plus,Peru,"Trujillo, La Libertad",2,0,No,No,WiFi,http://dashboard.appsee.com/Videos/External/5d3cab9d924bc4156d00f121,No,
27/07/2019 14:39,Android,00:00:01,1.27,7.1.1,856,Anonymous,69,Moto E4 Plus,Peru,"Lima, Lima",1,0,No,No,WiFi,http://dashboard.appsee.com/Videos/External/5d3ca85c9148e115add5fcfa,No,
27/07/2019 14:34,Android,00:03:39,1.27,7.1.1,856,Anonymous,68,Moto E4 Plus,Peru,"Lima, Lima",11,4,No,No,WiFi,http://dashboard.appsee.com/Videos/External/5d3ca759153df314fe5011b4,No,
27/07/2019 9:01,Android,00:02:30,1.27,9,346,Anonymous,452,SM-A305G,Peru,"Huancayo, Junin",3,1,No,No,WiFi,http://dashboard.appsee.com/Videos/External/5d3c594c1921651479d65906,No,
27/07/2019 8:38,Android,00:00:25,1.27,9,346,Anonymous,451,SM-A305G,Peru,"Huancayo, Junin",2,1,No,No,WiFi,http://dashboard.appsee.com/Videos/External/5d3c53e170256f1616f1a641,No,
27/07/2019 8:38,Android,00:00:02,1.27,9,346,Anonymous,450,SM-A305G,Peru,"Huancayo, Junin",1,0,No,No,WiFi,http://dashboard.appsee.com/Videos/External/5d3c53ddb34f9814e7fae35c,No,
27/07/2019 7:55,Android,00:00:04,1.27,9,346,Anonymous,449,SM-A305G,Peru,"Huancayo, Junin",2,1,No,No,WiFi,http://dashboard.appsee.com/Videos/External/5d3c49d29148e115a631760a,No,
27/07/2019 7:53,Android,00:00:07,1.27,9,346,Anonymous,448,SM-A305G,Peru,"Huancayo, Junin",3,0,No,No,WiFi,http://dashboard.appsee.com/Videos/External/5d3c496770256f1613455ec6,No,
27/07/2019 7:29,Android,00:02:12,1.27,9,346,Anonymous,447,SM-A305G,Peru,"Huancayo, Junin",5,4,No,No,WiFi,http://dashboard.appsee.com/Videos/External/5d3c43acfe0d5118887a80bf,No,
27/07/2019 7:10,Android,00:00:12,1.27,9,346,Anonymous,446,SM-A305G,Peru,"Huancayo, Junin",2,1,No,No,WiFi,http://dashboard.appsee.com/Videos/External/5d3c3f2073730514dcee756d,No,
27/07/2019 6:54,Android,00:00:41,1.27,9,346,Anonymous,445,SM-A305G,Peru,"Huancayo, Junin",4,1,No,No,WiFi,http://dashboard.appsee.com/Videos/External/5d3c3b8673730514d853804b,No,
27/07/2019 6:51,Android,00:00:29,1.27,9,346,Anonymous,444,SM-A305G,Peru,"Huancayo, Junin",1,0,No,No,WiFi,http://dashboard.appsee.com/Videos/External/5d3c3aaa73730514dcee4cb7,No,
27/07/2019 6:50,Android,00:00:08,1.27,9,346,Anonymous,443,SM-A305G,Peru,"Huancayo, Junin",1,0,No,No,WiFi,http://dashboard.appsee.com/Videos/External/5d3c3a9673730514d85377c6,No,
27/07/2019 6:50,Android,00:00:17,1.27,9,346,Anonymous,442,SM-A305G,Peru,"Huancayo, Junin",3,0,No,No,WiFi,http://dashboard.appsee.com/Videos/External/5d3c3a6f73730514d8537644,No,
27/07/2019 6:48,Android,00:00:21,1.27,9,346,Anonymous,441,SM-A305G,Peru,"Huancayo, Junin",3,1,No,No,WiFi,http://dashboard.appsee.com/Videos/External/5d3c39fa73730514de951145,No,
27/07/2019 6:47,Android,00:00:33,1.27,9,346,Anonymous,440,SM-A305G,Peru,"Huancayo, Junin",5,1,No,No,WiFi,http://dashboard.appsee.com/Videos/External/5d3c39ba73730514d8537015,No,
27/07/2019 6:44,Android,00:00:24,1.27,9,346,Anonymous,439,SM-A305G,Peru,"Huancayo, Junin",3,1,No,No,WiFi,http://dashboard.appsee.com/Videos/External/5d3c392773730514dab01eed,No,
27/07/2019 6:41,Android,00:00:21,1.27,9,346,Anonymous,438,SM-A305G,Peru,"Huancayo, Junin",3,0,No,No,WiFi,http://dashboard.appsee.com/Videos/External/5d3c387a73730514dcee3a84,No,
27/07/2019 6:34,Android,00:00:48,1.27,9,346,Anonymous,437,SM-A305G,Peru,"Huancayo, Junin",4,3,No,No,WiFi,http://dashboard.appsee.com/Videos/External/5d3c36d373730514dcee2c6a,No,
27/07/2019 6:33,Android,00:00:46,1.27,9,346,Anonymous,436,SM-A305G,Peru,"Huancayo, Junin",3,1,No,No,WiFi,http://dashboard.appsee.com/Videos/External/5d3c367473730514dab00823,No,
27/07/2019 6:30,Android,00:00:39,1.27,9,346,Anonymous,435,SM-A305G,Peru,"Huancayo, Junin",1,0,No,No,WiFi,http://dashboard.appsee.com/Videos/External/5d3c35f073730514dab0039c,No,
27/07/2019 6:29,Android,00:00:40,1.27,9,346,Anonymous,434,SM-A305G,Peru,"Huancayo, Junin",3,1,No,No,WiFi,http://dashboard.appsee.com/Videos/External/5d3c357d73730514d8534ca2,No,
27/07/2019 6:28,Android,00:00:05,1.27,9,346,Anonymous,433,SM-A305G,Peru,"Huancayo, Junin",2,0,No,No,WiFi,http://dashboard.appsee.com/Videos/External/5d3c356b73730514de94ea55,No,
27/07/2019 6:23,Android,00:00:10,1.27,9,346,Anonymous,432,SM-A305G,Peru,"Huancayo, Junin",3,0,No,No,WiFi,http://dashboard.appsee.com/Videos/External/5d3c343973730514daaff631,No,
27/07/2019 6:19,Android,00:00:49,1.27,9,346,Anonymous,431,SM-A305G,Peru,"Huancayo, Junin",3,0,No,No,WiFi,http://dashboard.appsee.com/Videos/External/5d3c3351b1771e14ec140b19,No,
26/07/2019 20:35,Android,00:00:22,1.27,9,346,Anonymous,430,SM-A305G,Peru,"Huancayo, Junin",3,1,No,No,WiFi,http://dashboard.appsee.com/Videos/External/5d3baa51cde7fe15a8413f0e,No,
26/07/2019 20:14,Android,00:00:06,1.27,9,346,Anonymous,429,SM-A305G,Peru,"Huancayo, Junin",3,1,No,No,WiFi,http://dashboard.appsee.com/Videos/External/5d3ba562cde7fe15abb32276,No,
26/07/2019 20:05,Android,00:00:19,1.27,9,346,Anonymous,428,SM-A305G,Peru,"Huancayo, Junin",1,0,No,No,WiFi,http://dashboard.appsee.com/Videos/External/5d3ba33f27aca814d30fc9cf,No,
26/07/2019 19:41,Android,00:00:18,1.27,9,346,Anonymous,427,SM-A305G,Peru,"Huancayo, Junin",4,2,No,No,WiFi,http://dashboard.appsee.com/Videos/External/5d3b9db627aca814cf084042,No,
26/07/2019 19:30,Android,00:00:08,1.27,9,346,Anonymous,426,SM-A305G,Peru,"Huancayo, Junin",3,0,No,No,WiFi,http://dashboard.appsee.com/Videos/External/5d3b9b3727aca814cc4e2711,No,
26/07/2019 19:19,Android,00:00:35,1.27,9,346,Anonymous,425,SM-A305G,Peru,"Huancayo, Junin",4,2,No,No,WiFi,http://dashboard.appsee.com/Videos/External/5d3b98ab4a166b14de5f74ec,No,
09/07/2019 9:53,Android,00:01:00,1.27,8.0.0,1199,Anonymous,28,ANE-LX3,Peru,"Lima, Lima",6,3,No,No,WiFi,http://dashboard.appsee.com/Videos/External/5d24aa4cd6b8b615bf19d04b,No,
09/07/2019 9:51,Android,00:01:04,1.27,8.0.0,1199,Anonymous,27,ANE-LX3,Peru,"Lima, Lima",4,2,No,No,WiFi,http://dashboard.appsee.com/Videos/External/5d24aa05def56106e7bf3684,No,
09/07/2019 9:48,Android,00:00:19,1.27,8.0.0,1199,Anonymous,26,ANE-LX3,Peru,"Lima, Lima",3,0,No,No,WiFi,http://dashboard.appsee.com/Videos/External/5d24a93ab5d1600ae71bf40e,No,
09/07/2019 9:16,Android,00:00:29,1.27,9,269,Anonymous,114,SM-A105M,Peru,"Lima, Lima",2,2,No,No,WiFi,http://dashboard.appsee.com/Videos/External/5d24a1aa1b2979156eacd451,No,
09/07/2019 9:15,Android,00:00,1.27,8.1.0,809,Anonymous,585,SM-J415G,Peru,"Chiclayo, Lambayeque",1,0,No,No,WiFi,http://dashboard.appsee.com/Videos/External/5d24a173b5d1600ae95ff531,No,
09/07/2019 9:13,Android,00:00:54,1.27,8.1.0,809,Anonymous,584,SM-J415G,Peru,"Chiclayo, Lambayeque",1,0,No,No,WiFi,http://dashboard.appsee.com/Videos/External/5d24a11eb5d1600ae95ff530,Yes,
09/07/2019 8:52,Android,00:00,1.27,8.1.0,809,Anonymous,583,SM-J415G,Peru,"Chiclayo, Lambayeque",1,0,No,No,WiFi,http://dashboard.appsee.com/Videos/External/5d249c38e9a29e6fff19944b,No,
09/07/2019 8:51,Android,00:00,1.27,8.1.0,809,Anonymous,582,SM-J415G,Peru,"Chiclayo, Lambayeque",1,0,No,No,WiFi,http://dashboard.appsee.com/Videos/External/5d249bfbe9a29e6ffd59f1d3,No,
09/07/2019 8:51,Android,00:00:02,1.27,8.1.0,809,Anonymous,581,SM-J415G,Peru,"Chiclayo, Lambayeque",1,0,No,No,WiFi,http://dashboard.appsee.com/Videos/External/5d249bf7a776c914c6cb87d2,No,
09/07/2019 8:15,Android,00:03:03,1.27,9,269,Anonymous,113,SM-A105M,Peru,"Lima, Lima",5,4,No,No,WiFi,http://dashboard.appsee.com/Videos/External/5d24937cbeccfe148605b7ae,No,
09/07/2019 7:04,Android,00:03:27,1.27,9,269,Anonymous,112,SM-A105M,Peru,"Trujillo, La Libertad",5,2,No,No,WiFi,http://dashboard.appsee.com/Videos/External/5d2482d7d6b8b615bf18678a,No,
09/07/2019 6:43,Android,00:00:18,1.27,8.1.0,809,Anonymous,579,SM-J415G,Peru,"Chiclayo, Lambayeque",3,0,No,No,WiFi,http://dashboard.appsee.com/Videos/External/5d247de2def56106e7bd8e12,No,
09/07/2019 1:51,Android,00:00:18,1.27,8.1.0,809,Anonymous,578,SM-J415G,Peru,"Chiclayo, Lambayeque",2,0,No,No,WiFi,http://dashboard.appsee.com/Videos/External/5d24395eaa049e159724abaa,No,
08/07/2019 23:28,Android,00:00:33,1.27,8.1.0,809,Anonymous,577,SM-J415G,Peru,"Chiclayo, Lambayeque",3,0,No,No,WiFi,http://dashboard.appsee.com/Videos/External/5d2417fdaa049e15972397d9,No,
08/07/2019 21:51,Android,00:01:51,1.27,8.1.0,809,Anonymous,576,SM-J415G,Peru,"Chiclayo, Lambayeque",6,3,No,No,WiFi,http://dashboard.appsee.com/Videos/External/5d240132b5d1600aeda887d4,No,
08/07/2019 19:57,Android,00:00,1.27,8.0.0,3188,Anonymous,7,ANE-LX3,Peru,"Lima, Lima",1,0,No,No,WiFi,http://dashboard.appsee.com/Videos/External/5d23e65eb5d1600aebdc089b,No,
08/07/2019 14:53,Android,00:00:44,1.27,8.0.0,1199,Anonymous,25,ANE-LX3,Peru,"Lima, Lima",6,3,No,No,WiFi,http://dashboard.appsee.com/Videos/External/5d239f4ba60651149feb91fd,No,
08/07/2019 14:52,Android,00:00:18,1.27,8.0.0,1199,Anonymous,24,ANE-LX3,Peru,"Lima, Lima",4,2,No,No,WiFi,http://dashboard.appsee.com/Videos/External/5d239ee2f3d7cd7ef6c21c62,No,
08/07/2019 11:25,Android,00:00,1.26,8.0.0,1756,Anonymous,58,moto E5 Plus,Peru,"Cajamarca, Cajamarca",1,0,No,No,WiFi,http://dashboard.appsee.com/Videos/External/5d236e91e9a29e6fff0ee52c,No,
08/07/2019 11:16,Android,00:01:08,1.26,8.0.0,1756,Anonymous,57,moto E5 Plus,Peru,"Cajamarca, Cajamarca",1,0,No,No,WiFi,http://dashboard.appsee.com/Videos/External/5d236c62c9ba3558c04fb241,No,
08/07/2019 9:01,Android,00:00:26,1.27,9,346,Anonymous,250,SM-A305G,Peru,"Huancayo, Junin",4,0,No,No,WiFi,http://dashboard.appsee.com/Videos/External/5d234ca155775f7eff2742fc,No,
08/07/2019 9:00,Android,00:00:21,1.27,9,346,Anonymous,249,SM-A305G,Peru,"Huancayo, Junin",1,2,No,No,WiFi,http://dashboard.appsee.com/Videos/External/5d234c83def56106e5e69488,No,
08/07/2019 8:39,Android,00:02:09,1.27,9,269,Anonymous,111,SM-A105M,Peru,"Lima, Lima",17,8,No,No,WiFi,http://dashboard.appsee.com/Videos/External/5d2347a5e2a45029ddba7268,No,
08/07/2019 8:38,Android,00:00,1.27,9,269,Anonymous,110,SM-A105M,Peru,"Lima, Lima",1,0,No,No,WiFi,http://dashboard.appsee.com/Videos/External/5d23473fe2a45029dff52e8a,No,
08/07/2019 8:34,Android,00:00,1.27,9,269,Anonymous,109,SM-A105M,Peru,"Lima, Lima",1,0,No,No,WiFi,http://dashboard.appsee.com/Videos/External/5d234673e2a45029dbd51809,No,
08/07/2019 8:29,Android,00:02:00,1.27,9,269,Anonymous,108,SM-A105M,Peru,"Lima, Lima",4,2,No,No,WiFi,http://dashboard.appsee.com/Videos/External/5d234549e2a45029dff51ecb,No,
08/07/2019 8:23,Android,00:00:29,1.27,9,269,Anonymous,107,SM-A105M,Peru,"Lima, Lima",2,0,No,No,WiFi,http://dashboard.appsee.com/Videos/External/5d2343c2b2755f1e7c2b4cf3,No,
08/07/2019 7:13,Android,00:00,1.27,8.1.0,809,Anonymous,568,SM-J415G,Peru,"Chiclayo, Lambayeque",1,0,No,No,WiFi,http://dashboard.appsee.com/Videos/External/5d23337edef56106e5e5a74a,No,
08/07/2019 7:13,Android,00:00,1.27,8.1.0,809,Anonymous,567,SM-J415G,Peru,"Chiclayo, Lambayeque",1,0,No,No,WiFi,http://dashboard.appsee.com/Videos/External/5d233356def56106e5e5a627,No,
08/07/2019 7:07,Android,00:02:15,1.27,8.1.0,809,Anonymous,566,SM-J415G,Peru,"Chiclayo, Lambayeque",3,1,No,No,WiFi,http://dashboard.appsee.com/Videos/External/5d2331e9f3d7cd7ef2b6d025,No,
08/07/2019 6:12,Android,00:00:28,1.27,8.1.0,809,Anonymous,565,SM-J415G,Peru,"Chiclayo, Lambayeque",3,1,No,No,WiFi,http://dashboard.appsee.com/Videos/External/5d232526f3d7cd7ef0fb78a2,No,
08/07/2019 6:05,Android,00:00:20,1.27,8.1.0,809,Anonymous,564,SM-J415G,Peru,"Chiclayo, Lambayeque",3,0,No,No,WiFi,http://dashboard.appsee.com/Videos/External/5d23238fd1648015b3f541f8,No,
08/07/2019 5:32,Android,00:00:37,1.27,8.1.0,809,Anonymous,563,SM-J415G,Peru,"Chiclayo, Lambayeque",5,3,No,No,WiFi,http://dashboard.appsee.com/Videos/External/5d231bc36d79cb7891a1fc0d,No,
08/07/2019 5:32,Android,00:00:01,1.27,8.1.0,809,Anonymous,562,SM-J415G,Peru,"Chiclayo, Lambayeque",1,1,No,No,WiFi,http://dashboard.appsee.com/Videos/External/5d231bbf50e31132abbb2869,No,
08/07/2019 5:06,Android,00:00:01,1.27,8.1.0,809,Anonymous,561,SM-J415G,Peru,"Chiclayo, Lambayeque",2,0,No,No,WiFi,http://dashboard.appsee.com/Videos/External/5d231591b5d1600aeda004ce,No,
08/07/2019 4:27,Android,00:00:46,1.27,8.1.0,809,Anonymous,560,SM-J415G,Peru,"Chiclayo, Lambayeque",3,1,No,No,WiFi,http://dashboard.appsee.com/Videos/External/5d230c6adef56106e932b4d7,No,
08/07/2019 0:36,Android,00:06:16,1.27,8.1.0,809,Anonymous,559,SM-J415G,Peru,"Chiclayo, Lambayeque",1,0,No,No,WiFi,http://dashboard.appsee.com/Videos/External/5d22d65250e31114b4c0f749,No,
08/07/2019 0:13,Android,00:00:40,1.27,8.1.0,809,Anonymous,558,SM-J415G,Peru,"Chiclayo, Lambayeque",3,1,No,No,WiFi,http://dashboard.appsee.com/Videos/External/5d22d107d6cd5e15a0aecf1c,No,
07/07/2019 8:53,Android,00:00,1.27,8.1.0,809,Anonymous,552,SM-J415G,Peru,"Chiclayo, Lambayeque",1,0,No,No,WiFi,http://dashboard.appsee.com/Videos/External/5d21f93d03ccdf157be72ac3,No,
07/07/2019 8:49,Android,00:00:24,1.27,9,1816,Anonymous,71,SM-G973F,Peru,"Trujillo, La Libertad",4,2,No,No,WiFi,http://dashboard.appsee.com/Videos/External/5d21f86545498614b03e7e42,No,
07/07/2019 5:12,Android,00:00:28,1.27,8.1.0,809,Anonymous,551,SM-J415G,Peru,"Chiclayo, Lambayeque",2,0,No,No,WiFi,http://dashboard.appsee.com/Videos/External/5d21c575f17e9114d059896f,No,
06/07/2019 23:21,Android,00:01:17,1.27,8.1.0,809,Anonymous,550,SM-J415G,Peru,"Chiclayo, Lambayeque",6,2,No,No,WiFi,http://dashboard.appsee.com/Videos/External/5d21735156c18614e41e4087,No,
06/07/2019 22:54,Android,00:00:04,1.27,8.1.0,809,Anonymous,549,SM-J415G,Peru,"Chiclayo, Lambayeque",2,2,No,No,WiFi,http://dashboard.appsee.com/Videos/External/5d216d097569a41494a3e1b8,No,
06/07/2019 22:52,Android,00:01:56,1.27,8.1.0,809,Anonymous,548,SM-J415G,Peru,"Chiclayo, Lambayeque",8,3,No,No,WiFi,http://dashboard.appsee.com/Videos/External/5d216c677569a41494a3db84,No,
06/07/2019 22:40,Android,00:00,1.27,8.1.0,809,Anonymous,547,SM-J415G,Peru,"Chiclayo, Lambayeque",1,0,No,No,WiFi,http://dashboard.appsee.com/Videos/External/5d21699203ccdf157e54fc2e,No,
06/07/2019 22:22,Android,00:00:11,1.27,8.1.0,809,Anonymous,546,SM-J415G,Peru,"Chiclayo, Lambayeque",3,0,No,No,WiFi,http://dashboard.appsee.com/Videos/External/5d216575515d9b1534ec6de7,No,
06/07/2019 15:34,Android,00:00:15,1.27,7.0,2430,Anonymous,23,SM-J701M,Peru,"Lima, Lima",3,4,No,No,WiFi,http://dashboard.appsee.com/Videos/External/5d2105df14323b15685c44db,No,
06/07/2019 15:34,Android,00:00:02,1.27,7.0,2430,Anonymous,22,SM-J701M,Peru,"Lima, Lima",1,0,No,No,WiFi,http://dashboard.appsee.com/Videos/External/5d2105da03ccdf1576a66b18,No,
06/07/2019 14:53,Android,00:00,1.27,8.0.0,3188,Anonymous,6,ANE-LX3,Peru,"Lima, Lima",1,0,No,No,WiFi,http://dashboard.appsee.com/Videos/External/5d20fc30515d9b1534e8b9f4,No,
06/07/2019 13:30,Android,00:00:07,1.27,9,1816,Anonymous,67,SM-G973F,Peru,"Trujillo, La Libertad",1,0,No,No,WiFi,http://dashboard.appsee.com/Videos/External/5d20e8b044239014e9845acc,No,
06/07/2019 13:30,Android,00:00:02,1.27,9,1816,Anonymous,66,SM-G973F,Peru,"Trujillo, La Libertad",1,0,No,No,WiFi,http://dashboard.appsee.com/Videos/External/5d20e8ac44239014eddd4acb,No,
06/07/2019 13:30,Android,00:00:01,1.27,9,1816,Anonymous,65,SM-G973F,Peru,"Trujillo, La Libertad",1,1,No,No,WiFi,http://dashboard.appsee.com/Videos/External/5d20e8aa44239014eddd4aad,No,
06/07/2019 13:27,Android,00:00:31,1.27,9,1816,Anonymous,64,SM-G973F,Peru,"Trujillo, La Libertad",3,0,No,No,WiFi,http://dashboard.appsee.com/Videos/External/5d20e82498647315d8d856b6,No,
06/07/2019 13:03,Android,00:00:09,1.27,9,1816,Anonymous,63,SM-G973F,Peru,"Trujillo, La Libertad",3,0,No,No,WiFi,http://dashboard.appsee.com/Videos/External/5d20e28c03ccdf1576a5247c,No,
06/07/2019 12:29,Android,00:01:09,1.27,7.0,2430,Anonymous,21,SM-J701M,Peru,"Trujillo, La Libertad",6,3,No,No,WiFi,http://dashboard.appsee.com/Videos/External/5d20da76907b12156e0f5ed9,No,
